 -1.41421356237 -0.353553390593 -1.41421356237 -0.353553390593 -1.53644255919 -0.320092199832 -1.53644255919 -0.320092199832 -1.788854382 -0.22360679775 -1.8973665961 -0.158113883008 -2.0 -6.12323399574e-17 -1.97278784766 0.0821994936527 -1.788854382 0.22360679775 -1.53644255919 0.320092199832 -1.30158274691 0.379628301183 -1.10940039245 0.416025147169 -0.957704261361 0.438947786457
 1.41421356237 -0.353553390593 1.41421356237 -0.353553390593 1.28036879933 -0.384110639799 1.28036879933 -0.384110639799 0.894427191 -0.4472135955 0.632455532034 -0.474341649025 2.44929359829e-16 -0.5 -0.328797974611 -0.493196961916 -0.894427191 -0.4472135955 -1.28036879933 -0.384110639799 -1.51851320473 -0.325395686728 -1.66410058868 -0.277350098113 -1.75579114583 -0.23942606534
 -1.28036879933 -0.384110639799 -1.28036879933 -0.384110639799 -1.41421356237 -0.353553390593 -1.41421356237 -0.353553390593 -1.71498585143 -0.257247877714 -1.85695338177 -0.185695338177 -2.0 -6.12323399574e-17 -1.96116135138 0.0980580675691 -1.71498585143 0.257247877714 -1.41421356237 0.353553390593 -1.16247638744 0.406866735603 -0.971285862357 0.437078638061 -0.827605888602 0.455183238731
 1.53644255919 -0.320092199832 1.53644255919 -0.320092199832 1.41421356237 -0.353553390593 1.41421356237 -0.353553390593 1.02899151086 -0.428746462856 0.742781352708 -0.464238345443 2.44929359829e-16 -0.5 -0.392232270276 -0.490290337845 -1.02899151086 -0.428746462856 -1.41421356237 -0.353553390593 -1.62746694241 -0.29061909686 -1.74831455224 -0.242821465589 -1.82073295493 -0.206901472151
 -1.10940039245 -0.416025147169 -1.10940039245 -0.416025147169 -1.24939009511 -0.390434404722 -1.24939009511 -0.390434404722 -1.6 -0.3 -1.788854382 -0.22360679775 -2.0 -6.12323399574e-17 -1.94028500029 0.121267812518 -1.6 0.3 -1.24939009511 0.390434404722 -0.992277876714 0.434121571062 -0.812276932107 0.45690577431 -0.683486126173 0.469896711744
 1.66410058868 -0.277350098113 1.66410058868 -0.277350098113 1.56173761889 -0.312347523777 1.56173761889 -0.312347523777 1.2 -0.4 0.894427191 -0.4472135955 2.44929359829e-16 -0.5 -0.485071250073 -0.485071250073 -1.2 -0.4 -1.56173761889 -0.312347523777 -1.73648628425 -0.248069469178 -1.82762309724 -0.203069233027 -1.87958684698 -0.170871531543
 -0.894427191 -0.4472135955 -0.894427191 -0.4472135955 -1.02899151086 -0.428746462856 -1.02899151086 -0.428746462856 -1.41421356237 -0.353553390593 -1.66410058868 -0.277350098113 -2.0 -6.12323399574e-17 -1.8973665961 0.158113883008 -1.41421356237 0.353553390593 -1.02899151086 0.428746462856 -0.787838597158 0.459572515009 -0.632455532034 0.474341649025 -0.526234811584 0.482381910619
 1.788854382 -0.22360679775 1.788854382 -0.22360679775 1.71498585143 -0.257247877714 1.71498585143 -0.257247877714 1.41421356237 -0.353553390593 1.10940039245 -0.416025147169 2.44929359829e-16 -0.5 -0.632455532034 -0.474341649025 -1.41421356237 -0.353553390593 -1.71498585143 -0.257247877714 -1.83829006004 -0.19695964929 -1.8973665961 -0.158113883008 -1.92952764248 -0.131558702896
 -0.632455532034 -0.474341649025 -0.632455532034 -0.474341649025 -0.742781352708 -0.464238345443 -0.742781352708 -0.464238345443 -1.10940039245 -0.416025147169 -1.41421356237 -0.353553390593 -2.0 -6.12323399574e-17 -1.788854382 0.22360679775 -1.10940039245 0.416025147169 -0.742781352708 0.464238345443 -0.549442255795 0.48076197382 -0.433860915637 0.488093530092 -0.3577708764 0.49193495505
 1.8973665961 -0.158113883008 1.8973665961 -0.158113883008 1.85695338177 -0.185695338177 1.85695338177 -0.185695338177 1.66410058868 -0.277350098113 1.41421356237 -0.353553390593 2.44929359829e-16 -0.5 -0.894427191 -0.4472135955 -1.66410058868 -0.277350098113 -1.85695338177 -0.185695338177 -1.92304789528 -0.137360563949 -1.95237412037 -0.108465228909 -1.9677398202 -0.0894427191
 -0.328797974611 -0.493196961916 -0.328797974611 -0.493196961916 -0.392232270276 -0.490290337845 -0.392232270276 -0.490290337845 -0.632455532034 -0.474341649025 -0.894427191 -0.4472135955 -2.0 -6.12323399574e-17 -1.41421356237 0.353553390593 -0.632455532034 0.474341649025 -0.392232270276 0.490290337845 -0.282842712475 0.494974746831 -0.22086305215 0.496941867337 -0.181071492085 0.497946603234
 1.97278784766 -0.0821994936527 1.97278784766 -0.0821994936527 1.96116135138 -0.0980580675691 1.96116135138 -0.0980580675691 1.8973665961 -0.158113883008 1.788854382 -0.22360679775 2.44929359829e-16 -0.5 -1.41421356237 -0.353553390593 -1.8973665961 -0.158113883008 -1.96116135138 -0.0980580675691 -1.97989898732 -0.0707106781187 -1.98776746935 -0.0552157630374 -1.99178641294 -0.0452678730213
 1.22464679915e-16 -0.5 1.22464679915e-16 -0.5 1.22464679915e-16 -0.5 1.22464679915e-16 -0.5 1.22464679915e-16 -0.5 1.22464679915e-16 -0.5 1.0 0.0 1.22464679915e-16 0.5 1.22464679915e-16 0.5 1.22464679915e-16 0.5 1.22464679915e-16 0.5 1.22464679915e-16 0.5 1.22464679915e-16 0.5
 2.0 3.06161699787e-17 2.0 3.06161699787e-17 2.0 3.06161699787e-17 2.0 3.06161699787e-17 2.0 3.06161699787e-17 2.0 3.06161699787e-17 0.0 1.0 -2.0 3.06161699787e-17 -2.0 3.06161699787e-17 -2.0 3.06161699787e-17 -2.0 3.06161699787e-17 -2.0 3.06161699787e-17 -2.0 3.06161699787e-17
 0.328797974611 -0.493196961916 0.328797974611 -0.493196961916 0.392232270276 -0.490290337845 0.392232270276 -0.490290337845 0.632455532034 -0.474341649025 0.894427191 -0.4472135955 2.0 0.0 1.41421356237 0.353553390593 0.632455532034 0.474341649025 0.392232270276 0.490290337845 0.282842712475 0.494974746831 0.22086305215 0.496941867337 0.181071492085 0.497946603234
 1.97278784766 0.0821994936527 1.97278784766 0.0821994936527 1.96116135138 0.0980580675691 1.96116135138 0.0980580675691 1.8973665961 0.158113883008 1.788854382 0.22360679775 0.0 0.5 -1.41421356237 0.353553390593 -1.8973665961 0.158113883008 -1.96116135138 0.0980580675691 -1.97989898732 0.0707106781187 -1.98776746935 0.0552157630374 -1.99178641294 0.0452678730213
 0.632455532034 -0.474341649025 0.632455532034 -0.474341649025 0.742781352708 -0.464238345443 0.742781352708 -0.464238345443 1.10940039245 -0.416025147169 1.41421356237 -0.353553390593 2.0 0.0 1.788854382 0.22360679775 1.10940039245 0.416025147169 0.742781352708 0.464238345443 0.549442255795 0.48076197382 0.433860915637 0.488093530092 0.3577708764 0.49193495505
 1.8973665961 0.158113883008 1.8973665961 0.158113883008 1.85695338177 0.185695338177 1.85695338177 0.185695338177 1.66410058868 0.277350098113 1.41421356237 0.353553390593 0.0 0.5 -0.894427191 0.4472135955 -1.66410058868 0.277350098113 -1.85695338177 0.185695338177 -1.92304789528 0.137360563949 -1.95237412037 0.108465228909 -1.9677398202 0.0894427191
 0.894427191 -0.4472135955 0.894427191 -0.4472135955 1.02899151086 -0.428746462856 1.02899151086 -0.428746462856 1.41421356237 -0.353553390593 1.66410058868 -0.277350098113 2.0 0.0 1.8973665961 0.158113883008 1.41421356237 0.353553390593 1.02899151086 0.428746462856 0.787838597158 0.459572515009 0.632455532034 0.474341649025 0.526234811584 0.482381910619
 1.788854382 0.22360679775 1.788854382 0.22360679775 1.71498585143 0.257247877714 1.71498585143 0.257247877714 1.41421356237 0.353553390593 1.10940039245 0.416025147169 0.0 0.5 -0.632455532034 0.474341649025 -1.41421356237 0.353553390593 -1.71498585143 0.257247877714 -1.83829006004 0.19695964929 -1.8973665961 0.158113883008 -1.92952764248 0.131558702896
 1.10940039245 -0.416025147169 1.10940039245 -0.416025147169 1.24939009511 -0.390434404722 1.24939009511 -0.390434404722 1.6 -0.3 1.788854382 -0.22360679775 2.0 0.0 1.94028500029 0.121267812518 1.6 0.3 1.24939009511 0.390434404722 0.992277876714 0.434121571062 0.812276932107 0.45690577431 0.683486126173 0.469896711744
 1.66410058868 0.277350098113 1.66410058868 0.277350098113 1.56173761889 0.312347523777 1.56173761889 0.312347523777 1.2 0.4 0.894427191 0.4472135955 0.0 0.5 -0.485071250073 0.485071250073 -1.2 0.4 -1.56173761889 0.312347523777 -1.73648628425 0.248069469178 -1.82762309724 0.203069233027 -1.87958684698 0.170871531543
 1.28036879933 -0.384110639799 1.28036879933 -0.384110639799 1.41421356237 -0.353553390593 1.41421356237 -0.353553390593 1.71498585143 -0.257247877714 1.85695338177 -0.185695338177 2.0 0.0 1.96116135138 0.0980580675691 1.71498585143 0.257247877714 1.41421356237 0.353553390593 1.16247638744 0.406866735603 0.971285862357 0.437078638061 0.827605888602 0.455183238731
 1.53644255919 0.320092199832 1.53644255919 0.320092199832 1.41421356237 0.353553390593 1.41421356237 0.353553390593 1.02899151086 0.428746462856 0.742781352708 0.464238345443 0.0 0.5 -0.392232270276 0.490290337845 -1.02899151086 0.428746462856 -1.41421356237 0.353553390593 -1.62746694241 0.29061909686 -1.74831455224 0.242821465589 -1.82073295493 0.206901472151
 1.41421356237 -0.353553390593 1.41421356237 -0.353553390593 1.53644255919 -0.320092199832 1.53644255919 -0.320092199832 1.788854382 -0.22360679775 1.8973665961 -0.158113883008 2.0 0.0 1.97278784766 0.0821994936527 1.788854382 0.22360679775 1.53644255919 0.320092199832 1.30158274691 0.379628301183 1.10940039245 0.416025147169 0.957704261361 0.438947786457
 1.41421356237 0.353553390593 1.41421356237 0.353553390593 1.28036879933 0.384110639799 1.28036879933 0.384110639799 0.894427191 0.4472135955 0.632455532034 0.474341649025 0.0 0.5 -0.328797974611 0.493196961916 -0.894427191 0.4472135955 -1.28036879933 0.384110639799 -1.51851320473 0.325395686728 -1.66410058868 0.277350098113 -1.75579114583 0.23942606534
