 1.41421356237 -0.353553390593 1.8973665961 -0.158113883008 1.94028500029 -0.121267812518 1.96116135138 -0.0980580675691 1.97278784766 -0.0821994936527 2.0 0.0 2.0 0.0 
 1.41421356237 0.353553390593 0.632455532034 0.474341649025 0.485071250073 0.485071250073 0.392232270276 0.490290337845 0.328797974611 0.493196961916 0.0 0.5 0.0 0.5 
0.632455532034 -0.474341649025 1.41421356237 -0.353553390593 1.788854382 -0.22360679775 1.8973665961 -0.158113883008 1.94028500029 -0.121267812518 1.96116135138 -0.0980580675691 1.97278784766 -0.0821994936527
1.8973665961 0.158113883008 1.41421356237 0.353553390593 0.894427191 0.4472135955 0.632455532034 0.474341649025 0.485071250073 0.485071250073 0.392232270276 0.490290337845 0.328797974611 0.493196961916
0.485071250073 -0.485071250073 0.894427191 -0.4472135955 1.41421356237 -0.353553390593 1.66410058868 -0.277350098113 1.788854382 -0.22360679775 1.85695338177 -0.185695338177 1.8973665961 -0.158113883008
1.94028500029 0.121267812518 1.788854382 0.22360679775 1.41421356237 0.353553390593 1.10940039245 0.416025147169 0.894427191 0.4472135955 0.742781352708 0.464238345443 0.632455532034 0.474341649025
0.392232270276 -0.490290337845 0.632455532034 -0.474341649025 1.10940039245 -0.416025147169 1.41421356237 -0.353553390593 1.6 -0.3 1.71498585143 -0.257247877714 1.788854382 -0.22360679775
1.96116135138 0.0980580675691 1.8973665961 0.158113883008 1.66410058868 0.277350098113 1.41421356237 0.353553390593 1.2 0.4 1.02899151086 0.428746462856 0.894427191 0.4472135955
0.328797974611 -0.493196961916 0.485071250073 -0.485071250073 0.894427191 -0.4472135955 1.2 -0.4 1.41421356237 -0.353553390593 1.56173761889 -0.312347523777 1.66410058868 -0.277350098113
1.97278784766 0.0821994936527 1.94028500029 0.121267812518 1.788854382 0.22360679775 1.6 0.3 1.41421356237 0.353553390593 1.24939009511 0.390434404722 1.10940039245 0.416025147169
 1.22464679915e-16 -0.5 0.392232270276 -0.490290337845 0.742781352708 -0.464238345443 1.02899151086 -0.428746462856 1.24939009511 -0.390434404722 1.41421356237 -0.353553390593 1.53644255919 -0.320092199832
 2.0 3.06161699787e-17 1.96116135138 0.0980580675691 1.85695338177 0.185695338177 1.71498585143 0.257247877714 1.56173761889 0.312347523777 1.41421356237 0.353553390593 1.28036879933 0.384110639799
 1.22464679915e-16 -0.5 0.328797974611 -0.493196961916 0.632455532034 -0.474341649025 0.894427191 -0.4472135955 1.10940039245 -0.416025147169 1.28036879933 -0.384110639799 1.41421356237 -0.353553390593
 2.0 3.06161699787e-17 1.97278784766 0.0821994936527 1.8973665961 0.158113883008 1.788854382 0.22360679775 1.66410058868 0.277350098113 1.53644255919 0.320092199832 1.41421356237 0.353553390593