 1.41421356237 -0.353553390593 1.788854382 -0.22360679775 1.8973665961 -0.158113883008 1.94028500029 -0.121267812518 1.96116135138 -0.0980580675691 1.97278784766 -0.0821994936527 1.97989898732 -0.0707106781187 1.98455575343 -0.0620173672946 1.98776746935 -0.0552157630374 1.99007438042 -0.0497518595105 1.99178641294 -0.0452678730213 1.99309151649 -0.0415227399269 1.994108971 -0.0383482494424
 1.41421356237 0.353553390593 0.894427191 0.4472135955 0.632455532034 0.474341649025 0.485071250073 0.485071250073 0.392232270276 0.490290337845 0.328797974611 0.493196961916 0.282842712475 0.494974746831 0.248069469178 0.496138938357 0.22086305215 0.496941867337 0.199007438042 0.497518595105 0.181071492085 0.497946603234 0.166090959707 0.498272879122 0.153392997769 0.498527242751
 0.894427191 -0.4472135955 1.41421356237 -0.353553390593 1.66410058868 -0.277350098113 1.788854382 -0.22360679775 1.85695338177 -0.185695338177 1.8973665961 -0.158113883008 1.92304789528 -0.137360563949 1.94028500029 -0.121267812518 1.95237412037 -0.108465228909 1.96116135138 -0.0980580675691 1.9677398202 -0.0894427191 1.97278784766 -0.0821994936527 1.9767433953 -0.076028592127
 1.788854382 0.22360679775 1.41421356237 0.353553390593 1.10940039245 0.416025147169 0.894427191 0.4472135955 0.742781352708 0.464238345443 0.632455532034 0.474341649025 0.549442255795 0.48076197382 0.485071250073 0.485071250073 0.433860915637 0.488093530092 0.392232270276 0.490290337845 0.3577708764 0.49193495505 0.328797974611 0.493196961916 0.304114368508 0.494185848825
 0.632455532034 -0.474341649025 1.10940039245 -0.416025147169 1.41421356237 -0.353553390593 1.6 -0.3 1.71498585143 -0.257247877714 1.788854382 -0.22360679775 1.83829006004 -0.19695964929 1.87265835514 -0.175561720794 1.8973665961 -0.158113883008 1.91565257044 -0.143673942783 1.92952764248 -0.131558702896 1.94028500029 -0.121267812518 1.94878239139 -0.112429753349
 1.8973665961 0.158113883008 1.66410058868 0.277350098113 1.41421356237 0.353553390593 1.2 0.4 1.02899151086 0.428746462856 0.894427191 0.4472135955 0.787838597158 0.459572515009 0.702246883177 0.468164588785 0.632455532034 0.474341649025 0.574695771133 0.478913142611 0.526234811584 0.482381910619 0.485071250073 0.485071250073 0.449719013398 0.487195597847
 0.485071250073 -0.485071250073 0.894427191 -0.4472135955 1.2 -0.4 1.41421356237 -0.353553390593 1.56173761889 -0.312347523777 1.66410058868 -0.277350098113 1.73648628425 -0.248069469178 1.788854382 -0.22360679775 1.82762309724 -0.203069233027 1.85695338177 -0.185695338177 1.87958684698 -0.170871531543 1.8973665961 -0.158113883008 1.91155801744 -0.147042924419
 1.94028500029 0.121267812518 1.788854382 0.22360679775 1.6 0.3 1.41421356237 0.353553390593 1.24939009511 0.390434404722 1.10940039245 0.416025147169 0.992277876714 0.434121571062 0.894427191 0.4472135955 0.812276932107 0.45690577431 0.742781352708 0.464238345443 0.683486126173 0.469896711744 0.632455532034 0.474341649025 0.588171697675 0.477889504361
 0.392232270276 -0.490290337845 0.742781352708 -0.464238345443 1.02899151086 -0.428746462856 1.24939009511 -0.390434404722 1.41421356237 -0.353553390593 1.53644255919 -0.320092199832 1.62746694241 -0.29061909686 1.69599660801 -0.264999470002 1.74831455224 -0.242821465589 1.788854382 -0.22360679775 1.82073295493 -0.206901472151 1.84615384615 -0.192307692308 1.86669121241 -0.179489539654
 1.96116135138 0.0980580675691 1.85695338177 0.185695338177 1.71498585143 0.257247877714 1.56173761889 0.312347523777 1.41421356237 0.353553390593 1.28036879933 0.384110639799 1.16247638744 0.406866735603 1.05999788001 0.423999152003 0.971285862357 0.437078638061 0.894427191 0.4472135955 0.827605888602 0.455183238731 0.769230769231 0.461538461538 0.717958158618 0.466672803102
 0.328797974611 -0.493196961916 0.632455532034 -0.474341649025 0.894427191 -0.4472135955 1.10940039245 -0.416025147169 1.28036879933 -0.384110639799 1.41421356237 -0.353553390593 1.51851320473 -0.325395686728 1.6 -0.3 1.66410058868 -0.277350098113 1.71498585143 -0.257247877714 1.75579114583 -0.23942606534 1.788854382 -0.22360679775 1.815918769 -0.209529088731
 1.97278784766 0.0821994936527 1.8973665961 0.158113883008 1.788854382 0.22360679775 1.66410058868 0.277350098113 1.53644255919 0.320092199832 1.41421356237 0.353553390593 1.30158274691 0.379628301183 1.2 0.4 1.10940039245 0.416025147169 1.02899151086 0.428746462856 0.957704261361 0.438947786457 0.894427191 0.4472135955 0.838116354923 0.45397969225
 0.282842712475 -0.494974746831 0.549442255795 -0.48076197382 0.787838597158 -0.459572515009 0.992277876714 -0.434121571062 1.16247638744 -0.406866735603 1.30158274691 -0.379628301183 1.41421356237 -0.353553390593 1.50515338941 -0.329252303934 1.57870443475 -0.306970306757 1.63846384104 -0.286731172182 1.68732297546 -0.268437746097 1.7275578018 -0.251935512762 1.76094219984 -0.237049911518
 1.97989898732 0.0707106781187 1.92304789528 0.137360563949 1.83829006004 0.19695964929 1.73648628425 0.248069469178 1.62746694241 0.29061909686 1.51851320473 0.325395686728 1.41421356237 0.353553390593 1.31700921574 0.376288347353 1.22788122703 0.394676108688 1.14692468873 0.40961596026 1.07375098439 0.421830743866 1.00774205105 0.431889450449 0.94819964607 0.440235549961
 0.248069469178 -0.496138938357 0.485071250073 -0.485071250073 0.702246883177 -0.468164588785 0.894427191 -0.4472135955 1.05999788001 -0.423999152003 1.2 -0.4 1.31700921574 -0.376288347353 1.41421356237 -0.353553390593 1.49481863737 -0.332181919415 1.56173761889 -0.312347523777 1.61747216861 -0.294085848838 1.66410058868 -0.277350098113 1.70331663341 -0.262048712832
 1.98455575343 0.0620173672946 1.94028500029 0.121267812518 1.87265835514 0.175561720794 1.788854382 0.22360679775 1.69599660801 0.264999470002 1.6 0.3 1.50515338941 0.329252303934 1.41421356237 0.353553390593 1.32872767766 0.373704659342 1.24939009511 0.390434404722 1.17634339535 0.404368042152 1.10940039245 0.416025147169 1.04819485133 0.425829158352
 0.22086305215 -0.496941867337 0.433860915637 -0.488093530092 0.632455532034 -0.474341649025 0.812276932107 -0.45690577431 0.971285862357 -0.437078638061 1.10940039245 -0.416025147169 1.22788122703 -0.394676108688 1.32872767766 -0.373704659342 1.41421356237 -0.353553390593 1.48658829249 -0.334482365811 1.54791459841 -0.316618895129 1.6 -0.3 1.64438438329 -0.284604989415
 1.98776746935 0.0552157630374 1.95237412037 0.108465228909 1.8973665961 0.158113883008 1.82762309724 0.203069233027 1.74831455224 0.242821465589 1.66410058868 0.277350098113 1.57870443475 0.306970306757 1.49481863737 0.332181919415 1.41421356237 0.353553390593 1.33792946324 0.371647073124 1.26647558051 0.386978649602 1.2 0.4 1.13841995766 0.411096095822
 0.199007438042 -0.497518595105 0.392232270276 -0.490290337845 0.574695771133 -0.478913142611 0.742781352708 -0.464238345443 0.894427191 -0.4472135955 1.02899151086 -0.428746462856 1.14692468873 -0.40961596026 1.24939009511 -0.390434404722 1.33792946324 -0.371647073124 1.41421356237 -0.353553390593 1.47988014679 -0.336336396998 1.53644255919 -0.320092199832 1.58524797821 -0.304855380425
 1.99007438042 0.0497518595105 1.96116135138 0.0980580675691 1.91565257044 0.143673942783 1.85695338177 0.185695338177 1.788854382 0.22360679775 1.71498585143 0.257247877714 1.63846384104 0.286731172182 1.56173761889 0.312347523777 1.48658829249 0.334482365811 1.41421356237 0.353553390593 1.34534558799 0.369970036698 1.28036879933 0.384110639799 1.2194215217 0.396311994552
 0.181071492085 -0.497946603234 0.3577708764 -0.49193495505 0.526234811584 -0.482381910619 0.683486126173 -0.469896711744 0.827605888602 -0.455183238731 0.957704261361 -0.438947786457 1.07375098439 -0.421830743866 1.17634339535 -0.404368042152 1.26647558051 -0.386978649602 1.34534558799 -0.369970036698 1.41421356237 -0.353553390593 1.4743082804 -0.337862314259 1.52677257074 -0.322971120733
 1.99178641294 0.0452678730213 1.9677398202 0.0894427191 1.92952764248 0.131558702896 1.87958684698 0.170871531543 1.82073295493 0.206901472151 1.75579114583 0.23942606534 1.68732297546 0.268437746097 1.61747216861 0.294085848838 1.54791459841 0.316618895129 1.47988014679 0.336336396998 1.41421356237 0.353553390593 1.35144925703 0.3685770701 1.29188448293 0.381693142685
 0.166090959707 -0.498272879122 0.328797974611 -0.493196961916 0.485071250073 -0.485071250073 0.632455532034 -0.474341649025 0.769230769231 -0.461538461538 0.894427191 -0.4472135955 1.00774205105 -0.431889450449 1.10940039245 -0.416025147169 1.2 -0.4 1.28036879933 -0.384110639799 1.35144925703 -0.3685770701 1.41421356237 -0.353553390593 1.46960688925 -0.339140051367
 1.99309151649 0.0415227399269 1.97278784766 0.0821994936527 1.94028500029 0.121267812518 1.8973665961 0.158113883008 1.84615384615 0.192307692308 1.788854382 0.22360679775 1.7275578018 0.251935512762 1.66410058868 0.277350098113 1.6 0.3 1.53644255919 0.320092199832 1.4743082804 0.337862314259 1.41421356237 0.353553390593 1.35656020547 0.367401722314
 0.153392997769 -0.498527242751 0.304114368508 -0.494185848825 0.449719013398 -0.487195597847 0.588171697675 -0.477889504361 0.717958158618 -0.466672803102 0.838116354923 -0.45397969225 0.94819964607 -0.440235549961 1.04819485133 -0.425829158352 1.13841995766 -0.411096095822 1.2194215217 -0.396311994552 1.29188448293 -0.381693142685 1.35656020547 -0.367401722314 1.41421356237 -0.353553390593
 1.994108971 0.0383482494424 1.9767433953 0.076028592127 1.94878239139 0.112429753349 1.91155801744 0.147042924419 1.86669121241 0.179489539654 1.815918769 0.209529088731 1.76094219984 0.237049911518 1.70331663341 0.262048712832 1.64438438329 0.284604989415 1.58524797821 0.304855380425 1.52677257074 0.322971120733 1.46960688925 0.339140051367 1.41421356237 0.353553390593
