 -1.41421356237 -0.353553390593 -1.28036879933 -0.384110639799 -1.10940039245 -0.416025147169 -0.894427191 -0.4472135955 -0.632455532034 -0.474341649025 -0.328797974611 -0.493196961916 1.22464679915e-16 -0.5 0.328797974611 -0.493196961916 0.632455532034 -0.474341649025 0.894427191 -0.4472135955 1.10940039245 -0.416025147169 1.28036879933 -0.384110639799 1.41421356237 -0.353553390593
 1.41421356237 -0.353553390593 1.53644255919 -0.320092199832 1.66410058868 -0.277350098113 1.788854382 -0.22360679775 1.8973665961 -0.158113883008 1.97278784766 -0.0821994936527 2.0 3.06161699787e-17 1.97278784766 0.0821994936527 1.8973665961 0.158113883008 1.788854382 0.22360679775 1.66410058868 0.277350098113 1.53644255919 0.320092199832 1.41421356237 0.353553390593
 -1.23564310386 -0.393159169411 -1.09557188273 -0.418309264314 -0.928013989341 -0.44291576764 -0.731304744846 -0.46537574672 -0.506718783675 -0.48368611169 -0.259687597013 -0.495767230661 1.22464679915e-16 -0.5 0.259687597013 -0.495767230661 0.506718783675 -0.48368611169 0.731304744846 -0.46537574672 0.928013989341 -0.44291576764 1.09557188273 -0.418309264314 1.23564310386 -0.393159169411
 1.57263667764 -0.308910775966 1.67323705726 -0.273892970682 1.77166307056 -0.232003497335 1.86150298688 -0.182826186211 1.93474444676 -0.126679695919 1.98306892264 -0.0649218992532 2.0 3.06161699787e-17 1.98306892264 0.0649218992532 1.93474444676 0.126679695919 1.86150298688 0.182826186211 1.77166307056 0.232003497335 1.67323705726 0.273892970682 1.57263667764 0.308910775966
 -1.05999788001 -0.423999152003 -0.923868837674 -0.443457042083 -0.769230769231 -0.461538461538 -0.596549986272 -0.477239989018 -0.407908508224 -0.489490209869 -0.207212168519 -0.497309204445 1.22464679915e-16 -0.5 0.207212168519 -0.497309204445 0.407908508224 -0.489490209869 0.596549986272 -0.477239989018 0.769230769231 -0.461538461538 0.923868837674 -0.443457042083 1.05999788001 -0.423999152003
 1.69599660801 -0.264999470002 1.77382816833 -0.230967209418 1.84615384615 -0.192307692308 1.90895995607 -0.149137496568 1.95796083948 -0.101977127056 1.98923681778 -0.0518030421297 2.0 3.06161699787e-17 1.98923681778 0.0518030421297 1.95796083948 0.101977127056 1.90895995607 0.149137496568 1.84615384615 0.192307692308 1.77382816833 0.230967209418 1.69599660801 0.264999470002
 -0.894427191 -0.4472135955 -0.769230769231 -0.461538461538 -0.632455532034 -0.474341649025 -0.485071250073 -0.485071250073 -0.328797974611 -0.493196961916 -0.166090959707 -0.498272879122 1.22464679915e-16 -0.5 0.166090959707 -0.498272879122 0.328797974611 -0.493196961916 0.485071250073 -0.485071250073 0.632455532034 -0.474341649025 0.769230769231 -0.461538461538 0.894427191 -0.4472135955
 1.788854382 -0.22360679775 1.84615384615 -0.192307692308 1.8973665961 -0.158113883008 1.94028500029 -0.121267812518 1.97278784766 -0.0821994936527 1.99309151649 -0.0415227399269 2.0 3.06161699787e-17 1.99309151649 0.0415227399269 1.97278784766 0.0821994936527 1.94028500029 0.121267812518 1.8973665961 0.158113883008 1.84615384615 0.192307692308 1.788854382 0.22360679775
 -0.742781352708 -0.464238345443 -0.632455532034 -0.474341649025 -0.515325301121 -0.483117469801 -0.392232270276 -0.490290337845 -0.264327440182 -0.495613950341 -0.133038021048 -0.498892578928 1.22464679915e-16 -0.5 0.133038021048 -0.498892578928 0.264327440182 -0.495613950341 0.392232270276 -0.490290337845 0.515325301121 -0.483117469801 0.632455532034 -0.474341649025 0.742781352708 -0.464238345443
 1.85695338177 -0.185695338177 1.8973665961 -0.158113883008 1.9324698792 -0.12883132528 1.96116135138 -0.0980580675691 1.98245580137 -0.0660818600455 1.99557031571 -0.0332595052619 2.0 3.06161699787e-17 1.99557031571 0.0332595052619 1.98245580137 0.0660818600455 1.96116135138 0.0980580675691 1.9324698792 0.12883132528 1.8973665961 0.158113883008 1.85695338177 0.185695338177
 -0.606407314554 -0.476462890007 -0.512590160705 -0.483299294379 -0.41500841671 -0.489117062551 -0.31423009747 -0.493790153168 -0.210938124027 -0.497211292349 -0.10591178736 -0.499298426125 1.22464679915e-16 -0.5 0.10591178736 -0.499298426125 0.210938124027 -0.497211292349 0.31423009747 -0.493790153168 0.41500841671 -0.489117062551 0.512590160705 -0.483299294379 0.606407314554 -0.476462890007
 1.90585156003 -0.151601828638 1.93319717751 -0.128147540176 1.9564682502 -0.103752104178 1.97516061267 -0.0785575243676 1.9888451694 -0.0527345310067 1.9971937045 -0.02647794684 2.0 3.06161699787e-17 1.9971937045 0.02647794684 1.9888451694 0.0527345310067 1.97516061267 0.0785575243676 1.9564682502 0.103752104178 1.93319717751 0.128147540176 1.90585156003 0.151601828638
 -0.485071250073 -0.485071250073 -0.407908508224 -0.489490209869 -0.328797974611 -0.493196961916 -0.248069469178 -0.496138938357 -0.166090959707 -0.498272879122 -0.0832610894244 -0.499566536546 1.22464679915e-16 -0.5 0.0832610894244 -0.499566536546 0.166090959707 -0.498272879122 0.248069469178 -0.496138938357 0.328797974611 -0.493196961916 0.407908508224 -0.489490209869 0.485071250073 -0.485071250073
 1.94028500029 -0.121267812518 1.95796083948 -0.101977127056 1.97278784766 -0.0821994936527 1.98455575343 -0.0620173672946 1.99309151649 -0.0415227399269 1.99826614618 -0.0208152723561 2.0 3.06161699787e-17 1.99826614618 0.0208152723561 1.99309151649 0.0415227399269 1.98455575343 0.0620173672946 1.97278784766 0.0821994936527 1.95796083948 0.101977127056 1.94028500029 0.121267812518
 -0.3776947873 -0.49100322349 -0.316474712639 -0.493700551718 -0.254328631971 -0.495940832343 -0.191424813289 -0.49770451455 -0.127942530887 -0.498975870458 -0.0640696636579 -0.499743376532 1.22464679915e-16 -0.5 0.0640696636579 -0.499743376532 0.127942530887 -0.498975870458 0.191424813289 -0.49770451455 0.254328631971 -0.495940832343 0.316474712639 -0.493700551718 0.3776947873 -0.49100322349
 1.96401289396 -0.0944236968251 1.97480220687 -0.0791186781599 1.98376332937 -0.0635821579927 1.9908180582 -0.0478562033221 1.99590348183 -0.0319856327217 1.99897350613 -0.0160174159145 2.0 3.06161699787e-17 1.99897350613 0.0160174159145 1.99590348183 0.0319856327217 1.9908180582 0.0478562033221 1.98376332937 0.0635821579927 1.97480220687 0.0791186781599 1.96401289396 0.0944236968251
 -0.282842712475 -0.494974746831 -0.23642577957 -0.496494137097 -0.189618185256 -0.497747736297 -0.142494099976 -0.498729349915 -0.0951302988309 -0.499434068862 -0.0476055558926 -0.499858336872 1.22464679915e-16 -0.5 0.0476055558926 -0.499858336872 0.0951302988309 -0.499434068862 0.142494099976 -0.498729349915 0.189618185256 -0.497747736297 0.23642577957 -0.496494137097 0.282842712475 -0.494974746831
 1.97989898732 -0.0707106781187 1.98597654839 -0.0591064448926 1.99099094519 -0.047404546314 1.99491739966 -0.035623524994 1.99773627545 -0.0237825747077 1.99943334749 -0.0119013889731 2.0 3.06161699787e-17 1.99943334749 0.0119013889731 1.99773627545 0.0237825747077 1.99491739966 0.035623524994 1.99099094519 0.047404546314 1.98597654839 0.0591064448926 1.97989898732 0.0707106781187
 -0.199007438042 -0.497518595105 -0.166090959707 -0.498272879122 -0.133038021048 -0.498892578928 -0.0998752338878 -0.499376169439 -0.0666296604653 -0.49972245349 -0.033328704668 -0.49993057002 1.22464679915e-16 -0.5 0.033328704668 -0.49993057002 0.0666296604653 -0.49972245349 0.0998752338878 -0.499376169439 0.133038021048 -0.498892578928 0.166090959707 -0.498272879122 0.199007438042 -0.497518595105
 1.99007438042 -0.0497518595105 1.99309151649 -0.0415227399269 1.99557031571 -0.0332595052619 1.99750467776 -0.0249688084719 1.99888981396 -0.0166574151163 1.99972228008 -0.008332176167 2.0 3.06161699787e-17 1.99972228008 0.008332176167 1.99888981396 0.0166574151163 1.99750467776 0.0249688084719 1.99557031571 0.0332595052619 1.99309151649 0.0415227399269 1.99007438042 0.0497518595105
 -0.12475657231 -0.499026289241 -0.10402566838 -0.499323208223 -0.0832610894244 -0.499566536546 -0.0624695047554 -0.499756038044 -0.0416576273637 -0.499891528364 -0.0208322031446 -0.499972875471 1.22464679915e-16 -0.5 0.0208322031446 -0.499972875471 0.0416576273637 -0.499891528364 0.0624695047554 -0.499756038044 0.0832610894244 -0.499566536546 0.10402566838 -0.499323208223 0.12475657231 -0.499026289241
 1.99610515697 -0.0311891430776 1.99729283289 -0.0260064170949 1.99826614618 -0.0208152723561 1.99902415217 -0.0156173761889 1.99956611346 -0.0104144068409 1.99989150189 -0.00520805078616 2.0 3.06161699787e-17 1.99989150189 0.00520805078616 1.99956611346 0.0104144068409 1.99902415217 0.0156173761889 1.99826614618 0.0208152723561 1.99729283289 0.0260064170949 1.99610515697 0.0311891430776
 -0.0587981032038 -0.499783877232 -0.0490048906871 -0.499849885009 -0.0392081498689 -0.499903910828 -0.0294085848838 -0.499945943024 -0.0196069008828 -0.499975972513 -0.00980380378046 -0.499993992803 1.22464679915e-16 -0.5 0.00980380378046 -0.499993992803 0.0196069008828 -0.499975972513 0.0294085848838 -0.499945943024 0.0392081498689 -0.499903910828 0.0490048906871 -0.499849885009 0.0587981032038 -0.499783877232
 1.99913550893 -0.0146995258009 1.99939954003 -0.0122512226718 1.99961564331 -0.00980203746722 1.9997837721 -0.00735214622094 1.99990389005 -0.00490172522071 1.99997597121 -0.00245095094511 2.0 3.06161699787e-17 1.99997597121 0.00245095094511 1.99990389005 0.00490172522071 1.9997837721 0.00735214622094 1.99961564331 0.00980203746722 1.99939954003 0.0122512226718 1.99913550893 0.0146995258009
 1.22464679915e-16 -0.5 1.22464679915e-16 -0.5 1.22464679915e-16 -0.5 1.22464679915e-16 -0.5 1.22464679915e-16 -0.5 1.22464679915e-16 -0.5 1.22464679915e-16 -0.5 1.22464679915e-16 -0.5 1.22464679915e-16 -0.5 1.22464679915e-16 -0.5 1.22464679915e-16 -0.5 1.22464679915e-16 -0.5 1.22464679915e-16 -0.5
 2.0 3.06161699787e-17 2.0 3.06161699787e-17 2.0 3.06161699787e-17 2.0 3.06161699787e-17 2.0 3.06161699787e-17 2.0 3.06161699787e-17 2.0 3.06161699787e-17 2.0 3.06161699787e-17 2.0 3.06161699787e-17 2.0 3.06161699787e-17 2.0 3.06161699787e-17 2.0 3.06161699787e-17 2.0 3.06161699787e-17
