 -0.632455532034 -0.474341649025 -0.433860915637 -0.488093530092 -0.22086305215 -0.496941867337 1.22464679915e-16 -0.5 0.22086305215 -0.496941867337 0.433860915637 -0.488093530092 0.632455532034 -0.474341649025
 1.8973665961 -0.158113883008 1.95237412037 -0.108465228909 1.98776746935 -0.0552157630374 2.0 3.06161699787e-17 1.98776746935 0.0552157630374 1.95237412037 0.108465228909 1.8973665961 0.158113883008
 -0.702246883177 -0.468164588785 -0.485071250073 -0.485071250073 -0.248069469178 -0.496138938357 1.22464679915e-16 -0.5 0.248069469178 -0.496138938357 0.485071250073 -0.485071250073 0.702246883177 -0.468164588785
 1.87265835514 -0.175561720794 1.94028500029 -0.121267812518 1.98455575343 -0.0620173672946 2.0 3.06161699787e-17 1.98455575343 0.0620173672946 1.94028500029 0.121267812518 1.87265835514 0.175561720794
 -0.787838597158 -0.459572515009 -0.549442255795 -0.48076197382 -0.282842712475 -0.494974746831 1.22464679915e-16 -0.5 0.282842712475 -0.494974746831 0.549442255795 -0.48076197382 0.787838597158 -0.459572515009
 1.83829006004 -0.19695964929 1.92304789528 -0.137360563949 1.97989898732 -0.0707106781187 2.0 3.06161699787e-17 1.97989898732 0.0707106781187 1.92304789528 0.137360563949 1.83829006004 0.19695964929
 -0.894427191 -0.4472135955 -0.632455532034 -0.474341649025 -0.328797974611 -0.493196961916 1.22464679915e-16 -0.5 0.328797974611 -0.493196961916 0.632455532034 -0.474341649025 0.894427191 -0.4472135955
 1.788854382 -0.22360679775 1.8973665961 -0.158113883008 1.97278784766 -0.0821994936527 2.0 3.06161699787e-17 1.97278784766 0.0821994936527 1.8973665961 0.158113883008 1.788854382 0.22360679775
 -1.02899151086 -0.428746462856 -0.742781352708 -0.464238345443 -0.392232270276 -0.490290337845 1.22464679915e-16 -0.5 0.392232270276 -0.490290337845 0.742781352708 -0.464238345443 1.02899151086 -0.428746462856
 1.71498585143 -0.257247877714 1.85695338177 -0.185695338177 1.96116135138 -0.0980580675691 2.0 3.06161699787e-17 1.96116135138 0.0980580675691 1.85695338177 0.185695338177 1.71498585143 0.257247877714
 -1.2 -0.4 -0.894427191 -0.4472135955 -0.485071250073 -0.485071250073 1.22464679915e-16 -0.5 0.485071250073 -0.485071250073 0.894427191 -0.4472135955 1.2 -0.4
 1.6 -0.3 1.788854382 -0.22360679775 1.94028500029 -0.121267812518 2.0 3.06161699787e-17 1.94028500029 0.121267812518 1.788854382 0.22360679775 1.6 0.3
 -1.41421356237 -0.353553390593 -1.10940039245 -0.416025147169 -0.632455532034 -0.474341649025 1.22464679915e-16 -0.5 0.632455532034 -0.474341649025 1.10940039245 -0.416025147169 1.41421356237 -0.353553390593
 1.41421356237 -0.353553390593 1.66410058868 -0.277350098113 1.8973665961 -0.158113883008 2.0 3.06161699787e-17 1.8973665961 0.158113883008 1.66410058868 0.277350098113 1.41421356237 0.353553390593