 -2.0 -6.12323399574e-17 -2.0 -6.12323399574e-17 -2.0 -6.12323399574e-17 -2.0 -6.12323399574e-17 -2.0 -6.12323399574e-17 -2.0 -6.12323399574e-17 2.0 0.0 2.0 0.0 2.0 0.0 2.0 0.0 2.0 0.0 2.0 0.0 2.0 0.0
 2.44929359829e-16 -0.5 2.44929359829e-16 -0.5 2.44929359829e-16 -0.5 2.44929359829e-16 -0.5 2.44929359829e-16 -0.5 2.44929359829e-16 -0.5 0.0 0.5 0.0 0.5 0.0 0.5 0.0 0.5 0.0 0.5 0.0 0.5 0.0 0.5
 -1.9677398202 -0.0894427191 -1.95403152282 -0.106583537608 -1.92952764248 -0.131558702896 -1.87958684698 -0.170871531543 -1.75579114583 -0.23942606534 -1.35144925703 -0.3685770701 1.22464679915e-16 -0.5 1.35144925703 -0.3685770701 1.75579114583 -0.23942606534 1.87958684698 -0.170871531543 1.92952764248 -0.131558702896 1.95403152282 -0.106583537608 1.9677398202 -0.0894427191
 0.3577708764 -0.49193495505 0.426334150433 -0.488507880705 0.526234811584 -0.482381910619 0.683486126173 -0.469896711744 0.957704261361 -0.438947786457 1.4743082804 -0.337862314259 2.0 3.06161699787e-17 1.4743082804 0.337862314259 0.957704261361 0.438947786457 0.683486126173 0.469896711744 0.526234811584 0.482381910619 0.426334150433 0.488507880705 0.3577708764 0.49193495505
 -1.85695338177 -0.185695338177 -1.80304611494 -0.216365533792 -1.71498585143 -0.257247877714 -1.56173761889 -0.312347523777 -1.28036879933 -0.384110639799 -0.769230769231 -0.461538461538 1.22464679915e-16 -0.5 0.769230769231 -0.461538461538 1.28036879933 -0.384110639799 1.56173761889 -0.312347523777 1.71498585143 -0.257247877714 1.80304611494 -0.216365533792 1.85695338177 -0.185695338177
 0.742781352708 -0.464238345443 0.86546213517 -0.450761528734 1.02899151086 -0.428746462856 1.24939009511 -0.390434404722 1.53644255919 -0.320092199832 1.84615384615 -0.192307692308 2.0 3.06161699787e-17 1.84615384615 0.192307692308 1.53644255919 0.320092199832 1.24939009511 0.390434404722 1.02899151086 0.428746462856 0.86546213517 0.450761528734 0.742781352708 0.464238345443
 -1.66410058868 -0.277350098113 -1.56173761889 -0.312347523777 -1.41421356237 -0.353553390593 -1.2 -0.4 -0.894427191 -0.4472135955 -0.485071250073 -0.485071250073 1.22464679915e-16 -0.5 0.485071250073 -0.485071250073 0.894427191 -0.4472135955 1.2 -0.4 1.41421356237 -0.353553390593 1.56173761889 -0.312347523777 1.66410058868 -0.277350098113
 1.10940039245 -0.416025147169 1.24939009511 -0.390434404722 1.41421356237 -0.353553390593 1.6 -0.3 1.788854382 -0.22360679775 1.94028500029 -0.121267812518 2.0 3.06161699787e-17 1.94028500029 0.121267812518 1.788854382 0.22360679775 1.6 0.3 1.41421356237 0.353553390593 1.24939009511 0.390434404722 1.10940039245 0.416025147169
 -1.41421356237 -0.353553390593 -1.28036879933 -0.384110639799 -1.10940039245 -0.416025147169 -0.894427191 -0.4472135955 -0.632455532034 -0.474341649025 -0.328797974611 -0.493196961916 1.22464679915e-16 -0.5 0.328797974611 -0.493196961916 0.632455532034 -0.474341649025 0.894427191 -0.4472135955 1.10940039245 -0.416025147169 1.28036879933 -0.384110639799 1.41421356237 -0.353553390593
 1.41421356237 -0.353553390593 1.53644255919 -0.320092199832 1.66410058868 -0.277350098113 1.788854382 -0.22360679775 1.8973665961 -0.158113883008 1.97278784766 -0.0821994936527 2.0 3.06161699787e-17 1.97278784766 0.0821994936527 1.8973665961 0.158113883008 1.788854382 0.22360679775 1.66410058868 0.277350098113 1.53644255919 0.320092199832 1.41421356237 0.353553390593
 -1.14692468873 -0.40961596026 -1.00774205105 -0.431889450449 -0.845770930662 -0.453091569998 -0.660700849456 -0.471929178183 -0.454459231213 -0.486920604871 -0.23176139912 -0.496631569544 1.22464679915e-16 -0.5 0.23176139912 -0.496631569544 0.454459231213 -0.486920604871 0.660700849456 -0.471929178183 0.845770930662 -0.453091569998 1.00774205105 -0.431889450449 1.14692468873 -0.40961596026
 1.63846384104 -0.286731172182 1.7275578018 -0.251935512762 1.81236627999 -0.211442732666 1.88771671273 -0.165175212364 1.94768241948 -0.113614807803 1.98652627817 -0.0579403497801 2.0 3.06161699787e-17 1.98652627817 0.0579403497801 1.94768241948 0.113614807803 1.88771671273 0.165175212364 1.81236627999 0.211442732666 1.7275578018 0.251935512762 1.63846384104 0.286731172182
 -0.894427191 -0.4472135955 -0.769230769231 -0.461538461538 -0.632455532034 -0.474341649025 -0.485071250073 -0.485071250073 -0.328797974611 -0.493196961916 -0.166090959707 -0.498272879122 1.22464679915e-16 -0.5 0.166090959707 -0.498272879122 0.328797974611 -0.493196961916 0.485071250073 -0.485071250073 0.632455532034 -0.474341649025 0.769230769231 -0.461538461538 0.894427191 -0.4472135955
 1.788854382 -0.22360679775 1.84615384615 -0.192307692308 1.8973665961 -0.158113883008 1.94028500029 -0.121267812518 1.97278784766 -0.0821994936527 1.99309151649 -0.0415227399269 2.0 3.06161699787e-17 1.99309151649 0.0415227399269 1.97278784766 0.0821994936527 1.94028500029 0.121267812518 1.8973665961 0.158113883008 1.84615384615 0.192307692308 1.788854382 0.22360679775
 -0.672672793996 -0.470870955797 -0.570507189548 -0.479226039221 -0.463241054612 -0.486403107343 -0.351581276967 -0.492213787754 -0.23642577957 -0.496494137097 -0.118837279968 -0.499116575867 1.22464679915e-16 -0.5 0.118837279968 -0.499116575867 0.23642577957 -0.496494137097 0.351581276967 -0.492213787754 0.463241054612 -0.486403107343 0.570507189548 -0.479226039221 0.672672793996 -0.470870955797
 1.88348382319 -0.168168198499 1.91690415688 -0.142626797387 1.94561242937 -0.115810263653 1.96885515102 -0.0878953192418 1.98597654839 -0.0591064448926 1.99646630347 -0.0297093199921 2.0 3.06161699787e-17 1.99646630347 0.0297093199921 1.98597654839 0.0591064448926 1.96885515102 0.0878953192418 1.94561242937 0.115810263653 1.91690415688 0.142626797387 1.88348382319 0.168168198499
 -0.485071250073 -0.485071250073 -0.407908508224 -0.489490209869 -0.328797974611 -0.493196961916 -0.248069469178 -0.496138938357 -0.166090959707 -0.498272879122 -0.0832610894244 -0.499566536546 1.22464679915e-16 -0.5 0.0832610894244 -0.499566536546 0.166090959707 -0.498272879122 0.248069469178 -0.496138938357 0.328797974611 -0.493196961916 0.407908508224 -0.489490209869 0.485071250073 -0.485071250073
 1.94028500029 -0.121267812518 1.95796083948 -0.101977127056 1.97278784766 -0.0821994936527 1.98455575343 -0.0620173672946 1.99309151649 -0.0415227399269 1.99826614618 -0.0208152723561 2.0 3.06161699787e-17 1.99826614618 0.0208152723561 1.99309151649 0.0415227399269 1.98455575343 0.0620173672946 1.97278784766 0.0821994936527 1.95796083948 0.101977127056 1.94028500029 0.121267812518
 -0.328797974611 -0.493196961916 -0.275136742549 -0.495246136589 -0.22086305215 -0.496941867337 -0.166090959707 -0.498272879122 -0.110940039245 -0.499230176603 -0.0555341344807 -0.499807210326 1.22464679915e-16 -0.5 0.0555341344807 -0.499807210326 0.110940039245 -0.499230176603 0.166090959707 -0.498272879122 0.22086305215 -0.496941867337 0.275136742549 -0.495246136589 0.328797974611 -0.493196961916
 1.97278784766 -0.0821994936527 1.98098454636 -0.0687841856373 1.98776746935 -0.0552157630374 1.99309151649 -0.0415227399269 1.99692070641 -0.0277350098113 1.99922884131 -0.0138835336202 2.0 3.06161699787e-17 1.99922884131 0.0138835336202 1.99692070641 0.0277350098113 1.99309151649 0.0415227399269 1.98776746935 0.0552157630374 1.98098454636 0.0687841856373 1.97278784766 0.0821994936527
 -0.199007438042 -0.497518595105 -0.166090959707 -0.498272879122 -0.133038021048 -0.498892578928 -0.0998752338878 -0.499376169439 -0.0666296604653 -0.49972245349 -0.033328704668 -0.49993057002 1.22464679915e-16 -0.5 0.033328704668 -0.49993057002 0.0666296604653 -0.49972245349 0.0998752338878 -0.499376169439 0.133038021048 -0.498892578928 0.166090959707 -0.498272879122 0.199007438042 -0.497518595105
 1.99007438042 -0.0497518595105 1.99309151649 -0.0415227399269 1.99557031571 -0.0332595052619 1.99750467776 -0.0249688084719 1.99888981396 -0.0166574151163 1.99972228008 -0.008332176167 2.0 3.06161699787e-17 1.99972228008 0.008332176167 1.99888981396 0.0166574151163 1.99750467776 0.0249688084719 1.99557031571 0.0332595052619 1.99309151649 0.0415227399269 1.99007438042 0.0497518595105
 -0.0908153218373 -0.499484270105 -0.0757032855901 -0.499641684895 -0.0605782532815 -0.499770589573 -0.0454428107066 -0.499870917772 -0.0302995525925 -0.499942617777 -0.0151510803816 -0.499985652592 1.22464679915e-16 -0.5 0.0151510803816 -0.499985652592 0.0302995525925 -0.499942617777 0.0454428107066 -0.499870917772 0.0605782532815 -0.499770589573 0.0757032855901 -0.499641684895 0.0908153218373 -0.499484270105
 1.99793708042 -0.0227038304593 1.99856673958 -0.0189258213975 1.99908235829 -0.0151445633204 1.99948367109 -0.0113607026766 1.99977047111 -0.00757488814813 1.99994261037 -0.00378777009539 2.0 3.06161699787e-17 1.99994261037 0.00378777009539 1.99977047111 0.00757488814813 1.99948367109 0.0113607026766 1.99908235829 0.0151445633204 1.99856673958 0.0189258213975 1.99793708042 0.0227038304593
 1.22464679915e-16 -0.5 1.22464679915e-16 -0.5 1.22464679915e-16 -0.5 1.22464679915e-16 -0.5 1.22464679915e-16 -0.5 1.22464679915e-16 -0.5 1.22464679915e-16 -0.5 1.22464679915e-16 -0.5 1.22464679915e-16 -0.5 1.22464679915e-16 -0.5 1.22464679915e-16 -0.5 1.22464679915e-16 -0.5 1.22464679915e-16 -0.5
 2.0 3.06161699787e-17 2.0 3.06161699787e-17 2.0 3.06161699787e-17 2.0 3.06161699787e-17 2.0 3.06161699787e-17 2.0 3.06161699787e-17 2.0 3.06161699787e-17 2.0 3.06161699787e-17 2.0 3.06161699787e-17 2.0 3.06161699787e-17 2.0 3.06161699787e-17 2.0 3.06161699787e-17 2.0 3.06161699787e-17