 -3.16227766017 -3.87267321454e-17 -3.16227766017 -3.87267321454e-17 -3.16227766017 -3.87267321454e-17 -3.16227766017 -3.87267321454e-17 -3.16227766017 -3.87267321454e-17 -3.16227766017 -3.87267321454e-17 3.16227766017 0.0 3.16227766017 0.0 3.16227766017 0.0 3.16227766017 0.0 3.16227766017 0.0 3.16227766017 0.0 3.16227766017 0.0
 3.87267321454e-16 -0.316227766017 3.87267321454e-16 -0.316227766017 3.87267321454e-16 -0.316227766017 3.87267321454e-16 -0.316227766017 3.87267321454e-16 -0.316227766017 3.87267321454e-16 -0.316227766017 0.0 0.316227766017 0.0 0.316227766017 0.0 0.316227766017 0.0 0.316227766017 0.0 0.316227766017 0.0 0.316227766017 0.0 0.316227766017
 -3.11126983722 -0.0565685424949 -3.08959511594 -0.0674093479841 -3.05085107924 -0.0832050294338 -2.97188774827 -0.108068645392 -2.77614955819 -0.151426339538 -2.13682889719 -0.233108606966 1.93633660727e-16 -0.316227766017 2.13682889719 -0.233108606966 2.77614955819 -0.151426339538 2.97188774827 -0.108068645392 3.05085107924 -0.0832050294338 3.08959511594 -0.0674093479841 3.11126983722 -0.0565685424949
 0.565685424949 -0.311126983722 0.674093479841 -0.308959511594 0.832050294338 -0.305085107924 1.08068645392 -0.297188774827 1.51426339538 -0.277614955819 2.33108606966 -0.213682889719 3.16227766017 1.93633660727e-17 2.33108606966 0.213682889719 1.51426339538 0.277614955819 1.08068645392 0.297188774827 0.832050294338 0.305085107924 0.674093479841 0.308959511594 0.565685424949 0.311126983722
 -2.93610109757 -0.117444043903 -2.85086622476 -0.136841578788 -2.71163072273 -0.162697843364 -2.46932399162 -0.19754591933 -2.02444082545 -0.242932899054 -1.21626063853 -0.291902553246 1.93633660727e-16 -0.316227766017 1.21626063853 -0.291902553246 2.02444082545 -0.242932899054 2.46932399162 -0.19754591933 2.71163072273 -0.162697843364 2.85086622476 -0.136841578788 2.93610109757 -0.117444043903
 1.17444043903 -0.293610109757 1.36841578788 -0.285086622476 1.62697843364 -0.271163072273 1.9754591933 -0.246932399162 2.42932899054 -0.202444082545 2.91902553246 -0.121626063853 3.16227766017 1.93633660727e-17 2.91902553246 0.121626063853 2.42932899054 0.202444082545 1.9754591933 0.246932399162 1.62697843364 0.271163072273 1.36841578788 0.285086622476 1.17444043903 0.293610109757
 -2.63117405792 -0.175411603861 -2.46932399162 -0.19754591933 -2.2360679775 -0.22360679775 -1.8973665961 -0.252982212813 -1.41421356237 -0.282842712475 -0.766964988847 -0.306785995539 1.93633660727e-16 -0.316227766017 0.766964988847 -0.306785995539 1.41421356237 -0.282842712475 1.8973665961 -0.252982212813 2.2360679775 -0.22360679775 2.46932399162 -0.19754591933 2.63117405792 -0.175411603861
 1.75411603861 -0.263117405792 1.9754591933 -0.246932399162 2.2360679775 -0.22360679775 2.52982212813 -0.18973665961 2.82842712475 -0.141421356237 3.06785995539 -0.0766964988847 3.16227766017 1.93633660727e-17 3.06785995539 0.0766964988847 2.82842712475 0.141421356237 2.52982212813 0.18973665961 2.2360679775 0.22360679775 1.9754591933 0.246932399162 1.75411603861 0.263117405792
 -2.2360679775 -0.22360679775 -2.02444082545 -0.242932899054 -1.75411603861 -0.263117405792 -1.41421356237 -0.282842712475 -1.0 -0.3 -0.51987524491 -0.311925146946 1.93633660727e-16 -0.316227766017 0.51987524491 -0.311925146946 1.0 -0.3 1.41421356237 -0.282842712475 1.75411603861 -0.263117405792 2.02444082545 -0.242932899054 2.2360679775 -0.22360679775
 2.2360679775 -0.22360679775 2.42932899054 -0.202444082545 2.63117405792 -0.175411603861 2.82842712475 -0.141421356237 3.0 -0.1 3.11925146946 -0.051987524491 3.16227766017 1.93633660727e-17 3.11925146946 0.051987524491 3.0 0.1 2.82842712475 0.141421356237 2.63117405792 0.175411603861 2.42932899054 0.202444082545 2.2360679775 0.22360679775
 -1.81344716053 -0.259063880075 -1.59338008762 -0.273150872164 -1.33728125983 -0.286560269963 -1.04465976814 -0.29847421947 -0.718563137161 -0.307955630212 -0.366446947464 -0.31409738354 1.93633660727e-16 -0.316227766017 0.366446947464 -0.31409738354 0.718563137161 -0.307955630212 1.04465976814 -0.29847421947 1.33728125983 -0.286560269963 1.59338008762 -0.273150872164 1.81344716053 -0.259063880075
 2.59063880075 -0.181344716053 2.73150872164 -0.159338008762 2.86560269963 -0.133728125983 2.9847421947 -0.104465976814 3.07955630212 -0.0718563137161 3.1409738354 -0.0366446947464 3.16227766017 1.93633660727e-17 3.1409738354 0.0366446947464 3.07955630212 0.0718563137161 2.9847421947 0.104465976814 2.86560269963 0.133728125983 2.73150872164 0.159338008762 2.59063880075 0.181344716053
 -1.41421356237 -0.282842712475 -1.21626063853 -0.291902553246 -1.0 -0.3 -0.766964988847 -0.306785995539 -0.51987524491 -0.311925146946 -0.262612865719 -0.315135438863 1.93633660727e-16 -0.316227766017 0.262612865719 -0.315135438863 0.51987524491 -0.311925146946 0.766964988847 -0.306785995539 1.0 -0.3 1.21626063853 -0.291902553246 1.41421356237 -0.282842712475
 2.82842712475 -0.141421356237 2.91902553246 -0.121626063853 3.0 -0.1 3.06785995539 -0.0766964988847 3.11925146946 -0.051987524491 3.15135438863 -0.0262612865719 3.16227766017 1.93633660727e-17 3.15135438863 0.0262612865719 3.11925146946 0.051987524491 3.06785995539 0.0766964988847 3.0 0.1 2.91902553246 0.121626063853 2.82842712475 0.141421356237
 -1.06358907453 -0.297804940868 -0.902051070237 -0.3030891596 -0.732448419136 -0.307628336037 -0.555898808944 -0.311303333008 -0.373821980511 -0.31401046363 -0.18789823782 -0.315669039537 1.93633660727e-16 -0.316227766017 0.18789823782 -0.315669039537 0.373821980511 -0.31401046363 0.555898808944 -0.311303333008 0.732448419136 -0.307628336037 0.902051070237 -0.3030891596 1.06358907453 -0.297804940868
 2.97804940868 -0.106358907453 3.030891596 -0.0902051070237 3.07628336037 -0.0732448419136 3.11303333008 -0.0555898808944 3.1401046363 -0.0373821980511 3.15669039537 -0.018789823782 3.16227766017 1.93633660727e-17 3.15669039537 0.018789823782 3.1401046363 0.0373821980511 3.11303333008 0.0555898808944 3.07628336037 0.0732448419136 3.030891596 0.0902051070237 2.97804940868 0.106358907453
 -0.766964988847 -0.306785995539 -0.644959981475 -0.309580791108 -0.51987524491 -0.311925146946 -0.392232270276 -0.313785816221 -0.262612865719 -0.315135438863 -0.131647341524 -0.315953619658 1.93633660727e-16 -0.316227766017 0.131647341524 -0.315953619658 0.262612865719 -0.315135438863 0.392232270276 -0.313785816221 0.51987524491 -0.311925146946 0.644959981475 -0.309580791108 0.766964988847 -0.306785995539
 3.06785995539 -0.0766964988847 3.09580791108 -0.0644959981475 3.11925146946 -0.051987524491 3.13785816221 -0.0392232270276 3.15135438863 -0.0262612865719 3.15953619658 -0.0131647341524 3.16227766017 1.93633660727e-17 3.15953619658 0.0131647341524 3.15135438863 0.0262612865719 3.13785816221 0.0392232270276 3.11925146946 0.051987524491 3.09580791108 0.0644959981475 3.06785995539 0.0766964988847
 -0.51987524491 -0.311925146946 -0.435029387228 -0.313221158804 -0.349215147885 -0.314293633096 -0.262612865719 -0.315135438863 -0.175411603861 -0.315740886951 -0.0878071764226 -0.316105835121 1.93633660727e-16 -0.316227766017 0.0878071764226 -0.316105835121 0.175411603861 -0.315740886951 0.262612865719 -0.315135438863 0.349215147885 -0.314293633096 0.435029387228 -0.313221158804 0.51987524491 -0.311925146946
 3.11925146946 -0.051987524491 3.13221158804 -0.0435029387228 3.14293633096 -0.0349215147885 3.15135438863 -0.0262612865719 3.15740886951 -0.0175411603861 3.16105835121 -0.00878071764226 3.16227766017 1.93633660727e-17 3.16105835121 0.00878071764226 3.15740886951 0.0175411603861 3.15135438863 0.0262612865719 3.14293633096 0.0349215147885 3.13221158804 0.0435029387228 3.11925146946 0.051987524491
 -0.314658387764 -0.314658387764 -0.262612865719 -0.315135438863 -0.210351580956 -0.315527371434 -0.157916610464 -0.315833220927 -0.105350743397 -0.316052230191 -0.052697309107 -0.316183854642 1.93633660727e-16 -0.316227766017 0.052697309107 -0.316183854642 0.105350743397 -0.316052230191 0.157916610464 -0.315833220927 0.210351580956 -0.315527371434 0.262612865719 -0.315135438863 0.314658387764 -0.314658387764
 3.14658387764 -0.0314658387764 3.15135438863 -0.0262612865719 3.15527371434 -0.0210351580956 3.15833220927 -0.0157916610464 3.16052230191 -0.0105350743397 3.16183854642 -0.0052697309107 3.16227766017 1.93633660727e-17 3.16183854642 0.0052697309107 3.16052230191 0.0105350743397 3.15833220927 0.0157916610464 3.15527371434 0.0210351580956 3.15135438863 0.0262612865719 3.14658387764 0.0314658387764
 -0.143591631724 -0.315901589792 -0.119697404411 -0.316001147646 -0.0957826285221 -0.316082674123 -0.0718513925564 -0.316146127248 -0.0479077991382 -0.316191474312 -0.023955961509 -0.316218691919 1.93633660727e-16 -0.316227766017 0.023955961509 -0.316218691919 0.0479077991382 -0.316191474312 0.0718513925564 -0.316146127248 0.0957826285221 -0.316082674123 0.119697404411 -0.316001147646 0.143591631724 -0.315901589792
 3.15901589792 -0.0143591631724 3.16001147646 -0.0119697404411 3.16082674123 -0.00957826285221 3.16146127248 -0.00718513925564 3.16191474312 -0.00479077991382 3.16218691919 -0.0023955961509 3.16227766017 1.93633660727e-17 3.16218691919 0.0023955961509 3.16191474312 0.00479077991382 3.16146127248 0.00718513925564 3.16082674123 0.00957826285221 3.16001147646 0.0119697404411 3.15901589792 0.0143591631724
 1.93633660727e-16 -0.316227766017 1.93633660727e-16 -0.316227766017 1.93633660727e-16 -0.316227766017 1.93633660727e-16 -0.316227766017 1.93633660727e-16 -0.316227766017 1.93633660727e-16 -0.316227766017 1.93633660727e-16 -0.316227766017 1.93633660727e-16 -0.316227766017 1.93633660727e-16 -0.316227766017 1.93633660727e-16 -0.316227766017 1.93633660727e-16 -0.316227766017 1.93633660727e-16 -0.316227766017 1.93633660727e-16 -0.316227766017
 3.16227766017 1.93633660727e-17 3.16227766017 1.93633660727e-17 3.16227766017 1.93633660727e-17 3.16227766017 1.93633660727e-17 3.16227766017 1.93633660727e-17 3.16227766017 1.93633660727e-17 3.16227766017 1.93633660727e-17 3.16227766017 1.93633660727e-17 3.16227766017 1.93633660727e-17 3.16227766017 1.93633660727e-17 3.16227766017 1.93633660727e-17 3.16227766017 1.93633660727e-17 3.16227766017 1.93633660727e-17