-2.0 -6.12323399574e-17
2.44929359829e-16 -0.5
-2.0 -6.12323399574e-17
2.44929359829e-16 -0.5
-2.0 -6.12323399574e-17
2.44929359829e-16 -0.5
-2.0 -6.12323399574e-17
2.44929359829e-16 -0.5
-2.0 6.12323399574e-17
-2.44929359829e-16 -0.5
-2.0 6.12323399574e-17
-2.44929359829e-16 -0.5
-2.0 6.12323399574e-17
-2.44929359829e-16 -0.5
2.0 0.0
0.0 0.5
2.0 0.0
0.0 0.5
2.0 0.0
0.0 0.5
2.0 0.0
0.0 0.5
2.0 0.0
0.0 0.5
2.0 0.0
0.0 0.5
1.22464679915e-16 -0.5
2.0 3.06161699787e-17
-1.41421356237 -0.353553390593
1.41421356237 -0.353553390593
-1.8973665961 -0.158113883008
0.632455532034 -0.474341649025
-2.0 -6.12323399574e-17
2.44929359829e-16 -0.5
-1.8973665961 0.158113883008
-0.632455532034 -0.474341649025
-1.41421356237 0.353553390593
-1.41421356237 -0.353553390593
-3.21624529935e-16 0.5
-2.0 -8.04061324838e-17
1.41421356237 0.353553390593
-1.41421356237 0.353553390593
1.8973665961 0.158113883008
-0.632455532034 0.474341649025
2.0 5.30287619362e-17
-2.12115047745e-16 0.5
1.8973665961 -0.158113883008
0.632455532034 0.474341649025
1.41421356237 -0.353553390593
1.41421356237 0.353553390593
1.01064309961e-15 -0.5
2.0 2.52660774904e-16
1.22464679915e-16 -0.5
2.0 3.06161699787e-17
-0.632455532034 -0.474341649025
1.8973665961 -0.158113883008
-1.41421356237 -0.353553390593
1.41421356237 -0.353553390593
-2.0 -6.12323399574e-17
2.44929359829e-16 -0.5
-1.41421356237 0.353553390593
-1.41421356237 -0.353553390593
-0.632455532034 0.474341649025
-1.8973665961 -0.158113883008
-3.21624529935e-16 0.5
-2.0 -8.04061324838e-17
0.632455532034 0.474341649025
-1.8973665961 0.158113883008
1.41421356237 0.353553390593
-1.41421356237 0.353553390593
2.0 1.59086285809e-16
-6.36345143235e-16 0.5
1.41421356237 -0.353553390593
1.41421356237 0.353553390593
0.632455532034 -0.474341649025
1.8973665961 0.158113883008
1.22464679915e-16 -0.5
2.0 3.06161699787e-17
1.22464679915e-16 -0.5
2.0 3.06161699787e-17
1.22464679915e-16 -0.5
2.0 3.06161699787e-17
-3.21624529935e-16 -0.5
2.0 -8.04061324838e-17
-1.41421356237 -0.353553390593
1.41421356237 -0.353553390593
-3.21624529935e-16 0.5
-2.0 -8.04061324838e-17
1.22464679915e-16 0.5
-2.0 3.06161699787e-17
1.22464679915e-16 0.5
-2.0 3.06161699787e-17
1.22464679915e-16 0.5
-2.0 3.06161699787e-17
1.22464679915e-16 0.5
-2.0 3.06161699787e-17
0.632455532034 0.474341649025
-1.8973665961 0.158113883008
1.22464679915e-16 -0.5
2.0 3.06161699787e-17
1.22464679915e-16 -0.5
2.0 3.06161699787e-17
1.22464679915e-16 -0.5
2.0 3.06161699787e-17
1.22464679915e-16 -0.5
2.0 3.06161699787e-17
0.632455532034 -0.474341649025
1.8973665961 0.158113883008
1.41421356237 -0.353553390593
1.41421356237 0.353553390593
2.0 -5.30287619362e-17
2.12115047745e-16 0.5
1.41421356237 0.353553390593
-1.41421356237 0.353553390593
0.632455532034 0.474341649025
-1.8973665961 0.158113883008
1.22464679915e-16 0.5
-2.0 3.06161699787e-17
-0.632455532034 0.474341649025
-1.8973665961 -0.158113883008
-1.41421356237 0.353553390593
-1.41421356237 -0.353553390593
-2.0 6.12323399574e-17
-2.44929359829e-16 -0.5
-1.41421356237 -0.353553390593
1.41421356237 -0.353553390593
-0.632455532034 -0.474341649025
1.8973665961 -0.158113883008
-3.21624529935e-16 -0.5
2.0 -8.04061324838e-17
1.22464679915e-16 -0.5
2.0 3.06161699787e-17
1.41421356237 -0.353553390593
1.41421356237 0.353553390593
1.8973665961 -0.158113883008
0.632455532034 0.474341649025
2.0 -1.76762539787e-17
7.0705015915e-17 0.5
1.8973665961 0.158113883008
-0.632455532034 0.474341649025
1.41421356237 0.353553390593
-1.41421356237 0.353553390593
5.66553889765e-16 0.5
-2.0 1.41638472441e-16
-1.41421356237 0.353553390593
-1.41421356237 -0.353553390593
-1.8973665961 0.158113883008
-0.632455532034 -0.474341649025
-2.0 6.12323399574e-17
-2.44929359829e-16 -0.5
-1.8973665961 -0.158113883008
0.632455532034 -0.474341649025
-1.41421356237 -0.353553390593
1.41421356237 -0.353553390593
-7.65713739785e-16 -0.5
2.0 -1.91428434946e-16
1.22464679915e-16 -0.5
2.0 3.06161699787e-17
2.0 -1.06057523872e-16
4.2423009549e-16 0.5
2.0 -3.53525079575e-17
1.4141003183e-16 0.5
2.0 -3.74939945665e-33
1.49975978266e-32 0.5
2.0 3.53525079575e-17
-1.4141003183e-16 0.5
2.0 1.06057523872e-16
-4.2423009549e-16 0.5
1.41421356237 0.353553390593
-1.41421356237 0.353553390593
-2.0 6.12323399574e-17
-2.44929359829e-16 -0.5
-2.0 6.12323399574e-17
-2.44929359829e-16 -0.5
-2.0 6.12323399574e-17
-2.44929359829e-16 -0.5
-2.0 -6.12323399574e-17
2.44929359829e-16 -0.5
-2.0 -6.12323399574e-17
2.44929359829e-16 -0.5
-1.788854382 -0.22360679775
0.894427191 -0.4472135955
1.22464679915e-16 0.5
-2.0 3.06161699787e-17
1.41421356237 0.353553390593
-1.41421356237 0.353553390593
1.8973665961 0.158113883008
-0.632455532034 0.474341649025
2.0 1.76762539787e-17
-7.0705015915e-17 0.5
1.8973665961 -0.158113883008
0.632455532034 0.474341649025
1.41421356237 -0.353553390593
1.41421356237 0.353553390593
5.66553889765e-16 -0.5
2.0 1.41638472441e-16
-1.41421356237 -0.353553390593
1.41421356237 -0.353553390593
-1.8973665961 -0.158113883008
0.632455532034 -0.474341649025
-2.0 -6.12323399574e-17
2.44929359829e-16 -0.5
-1.8973665961 0.158113883008
-0.632455532034 -0.474341649025
-1.41421356237 0.353553390593
-1.41421356237 -0.353553390593
-7.65713739785e-16 0.5
-2.0 -1.91428434946e-16
1.22464679915e-16 0.5
-2.0 3.06161699787e-17
0.632455532034 0.474341649025
-1.8973665961 0.158113883008
1.41421356237 0.353553390593
-1.41421356237 0.353553390593
2.0 5.30287619362e-17
-2.12115047745e-16 0.5
1.41421356237 -0.353553390593
1.41421356237 0.353553390593
0.632455532034 -0.474341649025
1.8973665961 0.158113883008
1.22464679915e-16 -0.5
2.0 3.06161699787e-17
-0.632455532034 -0.474341649025
1.8973665961 -0.158113883008
-1.41421356237 -0.353553390593
1.41421356237 -0.353553390593
-2.0 -6.12323399574e-17
2.44929359829e-16 -0.5
-1.41421356237 0.353553390593
-1.41421356237 -0.353553390593
-0.632455532034 0.474341649025
-1.8973665961 -0.158113883008
-3.21624529935e-16 0.5
-2.0 -8.04061324838e-17
1.22464679915e-16 0.5
-2.0 3.06161699787e-17
1.22464679915e-16 0.5
-2.0 3.06161699787e-17
5.66553889765e-16 0.5
-2.0 1.41638472441e-16
1.8973665961 0.158113883008
-0.632455532034 0.474341649025
5.66553889765e-16 -0.5
2.0 1.41638472441e-16
1.22464679915e-16 -0.5
2.0 3.06161699787e-17
1.22464679915e-16 -0.5
2.0 3.06161699787e-17
-3.21624529935e-16 -0.5
2.0 -8.04061324838e-17
-7.65713739785e-16 -0.5
2.0 -1.91428434946e-16
-1.41421356237 -0.353553390593
1.41421356237 -0.353553390593
-7.65713739785e-16 0.5
-2.0 -1.91428434946e-16
-3.21624529935e-16 0.5
-2.0 -8.04061324838e-17
1.22464679915e-16 0.5
-2.0 3.06161699787e-17
1.22464679915e-16 0.5
-2.0 3.06161699787e-17
-0.632455532034 0.474341649025
-1.8973665961 -0.158113883008
-1.41421356237 0.353553390593
-1.41421356237 -0.353553390593
-2.0 6.12323399574e-17
-2.44929359829e-16 -0.5
-1.41421356237 -0.353553390593
1.41421356237 -0.353553390593
-0.632455532034 -0.474341649025
1.8973665961 -0.158113883008
-3.21624529935e-16 -0.5
2.0 -8.04061324838e-17
0.632455532034 -0.474341649025
1.8973665961 0.158113883008
1.41421356237 -0.353553390593
1.41421356237 0.353553390593
2.0 -1.59086285809e-16
6.36345143235e-16 0.5
1.41421356237 0.353553390593
-1.41421356237 0.353553390593
0.632455532034 0.474341649025
-1.8973665961 0.158113883008
1.22464679915e-16 0.5
-2.0 3.06161699787e-17
1.22464679915e-16 0.5
-2.0 3.06161699787e-17
-1.41421356237 0.353553390593
-1.41421356237 -0.353553390593
-1.8973665961 0.158113883008
-0.632455532034 -0.474341649025
-2.0 6.12323399574e-17
-2.44929359829e-16 -0.5
-1.8973665961 -0.158113883008
0.632455532034 -0.474341649025
-1.41421356237 -0.353553390593
1.41421356237 -0.353553390593
-3.21624529935e-16 -0.5
2.0 -8.04061324838e-17
1.41421356237 -0.353553390593
1.41421356237 0.353553390593
1.8973665961 -0.158113883008
0.632455532034 0.474341649025
2.0 -5.30287619362e-17
2.12115047745e-16 0.5
1.8973665961 0.158113883008
-0.632455532034 0.474341649025
1.41421356237 0.353553390593
-1.41421356237 0.353553390593
1.01064309961e-15 0.5
-2.0 2.52660774904e-16
1.22464679915e-16 0.5
-2.0 3.06161699787e-17
-2.0 2.83276944882e-16
-1.13310777953e-15 -0.5
-2.0 6.12323399574e-17
-2.44929359829e-16 -0.5
-2.0 6.12323399574e-17
-2.44929359829e-16 -0.5
-2.0 -6.12323399574e-17
2.44929359829e-16 -0.5
-2.0 -2.83276944882e-16
1.13310777953e-15 -0.5
-0.894427191 -0.4472135955
1.788854382 -0.22360679775
2.0 -2.12115047745e-16
8.4846019098e-16 0.5
2.0 -7.0705015915e-17
2.8282006366e-16 0.5
2.0 -2.24963967399e-32
8.99855869597e-32 0.5
2.0 7.0705015915e-17
-2.8282006366e-16 0.5
2.0 2.12115047745e-16
-8.4846019098e-16 0.5
1.41421356237 0.353553390593
-1.41421356237 0.353553390593
