 1.41421356237 0.353553390593 1.0 0.0 1.0 0.0 1.0 0.0 1.0 0.0 1.0 0.0 1.0 0.0
 -1.41421356237 0.353553390593 0.0 1.0 0.0 1.0 0.0 1.0 0.0 1.0 0.0 1.0 0.0 1.0
 1.0 0.0 1.32287565553 0.377964473009 1.0 0.0 1.0 0.0 1.0 0.0 1.0 0.0 1.0 0.0
 0.0 1.0 -1.32287565553 0.377964473009 0.0 1.0 0.0 1.0 0.0 1.0 0.0 1.0 0.0 1.0
 1.0 0.0 1.0 0.0 1.22474487139 0.408248290464 1.0 0.0 1.0 0.0 1.0 0.0 1.0 0.0
 0.0 1.0 0.0 1.0 -1.22474487139 0.408248290464 0.0 1.0 0.0 1.0 0.0 1.0 0.0 1.0
 1.0 0.0 1.0 0.0 1.0 0.0 1.11803398875 0.4472135955 1.0 0.0 1.0 0.0 1.0 0.0
 0.0 1.0 0.0 1.0 0.0 1.0 -1.11803398875 0.4472135955 0.0 1.0 0.0 1.0 0.0 1.0
 1.0 0.0 1.0 0.0 1.0 0.0 1.0 0.0 1.0 0.5 1.0 0.0 1.0 0.0
 0.0 1.0 0.0 1.0 0.0 1.0 0.0 1.0 -1.0 0.5 0.0 1.0 0.0 1.0
 1.0 0.0 1.0 0.0 1.0 0.0 1.0 0.0 1.0 0.0 0.866025403784 0.57735026919 1.0 0.0
 0.0 1.0 0.0 1.0 0.0 1.0 0.0 1.0 0.0 1.0 -0.866025403784 0.57735026919 0.0 1.0
 1.0 0.0 1.0 0.0 1.0 0.0 1.0 0.0 1.0 0.0 1.0 0.0 0.707106781187 0.707106781187
 0.0 1.0 0.0 1.0 0.0 1.0 0.0 1.0 0.0 1.0 0.0 1.0 -0.707106781187 0.707106781187