 -0.632455532034 -0.474341649025 -0.535287727572 -0.481758954815 -0.433860915637 -0.488093530092 -0.328797974611 -0.493196961916 -0.22086305215 -0.496941867337 -0.110940039245 -0.499230176603 1.22464679915e-16 -0.5 0.110940039245 -0.499230176603 0.22086305215 -0.496941867337 0.328797974611 -0.493196961916 0.433860915637 -0.488093530092 0.535287727572 -0.481758954815 0.632455532034 -0.474341649025
 1.8973665961 -0.158113883008 1.92703581926 -0.133821931893 1.95237412037 -0.108465228909 1.97278784766 -0.0821994936527 1.98776746935 -0.0552157630374 1.99692070641 -0.0277350098113 2.0 3.06161699787e-17 1.99692070641 0.0277350098113 1.98776746935 0.0552157630374 1.97278784766 0.0821994936527 1.95237412037 0.108465228909 1.92703581926 0.133821931893 1.8973665961 0.158113883008
 -0.66564023547 -0.471495166791 -0.564332647983 -0.479682750786 -0.458078667451 -0.486708584167 -0.347570667818 -0.492391779409 -0.233682495135 -0.496575302161 -0.117444043903 -0.499137186587 1.22464679915e-16 -0.5 0.117444043903 -0.499137186587 0.233682495135 -0.496575302161 0.347570667818 -0.492391779409 0.458078667451 -0.486708584167 0.564332647983 -0.479682750786 0.66564023547 -0.471495166791
 1.88598066717 -0.166410058868 1.91873100314 -0.141083161996 1.94683433667 -0.114519666863 1.96956711764 -0.0868926669545 1.98630120865 -0.0584206237837 1.99654874635 -0.0293610109757 2.0 3.06161699787e-17 1.99654874635 0.0293610109757 1.98630120865 0.0584206237837 1.96956711764 0.0868926669545 1.94683433667 0.114519666863 1.91873100314 0.141083161996 1.88598066717 0.166410058868
 -0.702246883177 -0.468164588785 -0.596549986272 -0.477239989018 -0.485071250073 -0.485071250073 -0.3685770701 -0.491436093467 -0.248069469178 -0.496138938357 -0.12475657231 -0.499026289241 1.22464679915e-16 -0.5 0.12475657231 -0.499026289241 0.248069469178 -0.496138938357 0.3685770701 -0.491436093467 0.485071250073 -0.485071250073 0.596549986272 -0.477239989018 0.702246883177 -0.468164588785
 1.87265835514 -0.175561720794 1.90895995607 -0.149137496568 1.94028500029 -0.121267812518 1.96574437387 -0.0921442675251 1.98455575343 -0.0620173672946 1.99610515697 -0.0311891430776 2.0 3.06161699787e-17 1.99610515697 0.0311891430776 1.98455575343 0.0620173672946 1.96574437387 0.0921442675251 1.94028500029 0.121267812518 1.90895995607 0.149137496568 1.87265835514 0.175561720794
 -0.742781352708 -0.464238345443 -0.632455532034 -0.474341649025 -0.515325301121 -0.483117469801 -0.392232270276 -0.490290337845 -0.264327440182 -0.495613950341 -0.133038021048 -0.498892578928 1.22464679915e-16 -0.5 0.133038021048 -0.498892578928 0.264327440182 -0.495613950341 0.392232270276 -0.490290337845 0.515325301121 -0.483117469801 0.632455532034 -0.474341649025 0.742781352708 -0.464238345443
 1.85695338177 -0.185695338177 1.8973665961 -0.158113883008 1.9324698792 -0.12883132528 1.96116135138 -0.0980580675691 1.98245580137 -0.0660818600455 1.99557031571 -0.0332595052619 2.0 3.06161699787e-17 1.99557031571 0.0332595052619 1.98245580137 0.0660818600455 1.96116135138 0.0980580675691 1.9324698792 0.12883132528 1.8973665961 0.158113883008 1.85695338177 0.185695338177
 -0.787838597158 -0.459572515009 -0.672672793996 -0.470870955797 -0.549442255795 -0.48076197382 -0.419058177462 -0.488901207039 -0.282842712475 -0.494974746831 -0.142494099976 -0.498729349915 1.22464679915e-16 -0.5 0.142494099976 -0.498729349915 0.282842712475 -0.494974746831 0.419058177462 -0.488901207039 0.549442255795 -0.48076197382 0.672672793996 -0.470870955797 0.787838597158 -0.459572515009
 1.83829006004 -0.19695964929 1.88348382319 -0.168168198499 1.92304789528 -0.137360563949 1.95560482815 -0.104764544365 1.97989898732 -0.0707106781187 1.99491739966 -0.035623524994 2.0 3.06161699787e-17 1.99491739966 0.035623524994 1.97989898732 0.0707106781187 1.95560482815 0.104764544365 1.92304789528 0.137360563949 1.88348382319 0.168168198499 1.83829006004 0.19695964929
 -0.838116354923 -0.45397969225 -0.717958158618 -0.466672803102 -0.588171697675 -0.477889504361 -0.449719013398 -0.487195597847 -0.304114368508 -0.494185848825 -0.153392997769 -0.498527242751 1.22464679915e-16 -0.5 0.153392997769 -0.498527242751 0.304114368508 -0.494185848825 0.449719013398 -0.487195597847 0.588171697675 -0.477889504361 0.717958158618 -0.466672803102 0.838116354923 -0.45397969225
 1.815918769 -0.209529088731 1.86669121241 -0.179489539654 1.91155801744 -0.147042924419 1.94878239139 -0.112429753349 1.9767433953 -0.076028592127 1.994108971 -0.0383482494424 2.0 3.06161699787e-17 1.994108971 0.0383482494424 1.9767433953 0.076028592127 1.94878239139 0.112429753349 1.91155801744 0.147042924419 1.86669121241 0.179489539654 1.815918769 0.209529088731
 -0.894427191 -0.4472135955 -0.769230769231 -0.461538461538 -0.632455532034 -0.474341649025 -0.485071250073 -0.485071250073 -0.328797974611 -0.493196961916 -0.166090959707 -0.498272879122 1.22464679915e-16 -0.5 0.166090959707 -0.498272879122 0.328797974611 -0.493196961916 0.485071250073 -0.485071250073 0.632455532034 -0.474341649025 0.769230769231 -0.461538461538 0.894427191 -0.4472135955
 1.788854382 -0.22360679775 1.84615384615 -0.192307692308 1.8973665961 -0.158113883008 1.94028500029 -0.121267812518 1.97278784766 -0.0821994936527 1.99309151649 -0.0415227399269 2.0 3.06161699787e-17 1.99309151649 0.0415227399269 1.97278784766 0.0821994936527 1.94028500029 0.121267812518 1.8973665961 0.158113883008 1.84615384615 0.192307692308 1.788854382 0.22360679775
 -0.957704261361 -0.438947786457 -0.827605888602 -0.455183238731 -0.683486126173 -0.469896711744 -0.526234811584 -0.482381910619 -0.3577708764 -0.49193495505 -0.181071492085 -0.497946603234 1.22464679915e-16 -0.5 0.181071492085 -0.497946603234 0.3577708764 -0.49193495505 0.526234811584 -0.482381910619 0.683486126173 -0.469896711744 0.827605888602 -0.455183238731 0.957704261361 -0.438947786457
 1.75579114583 -0.23942606534 1.82073295493 -0.206901472151 1.87958684698 -0.170871531543 1.92952764248 -0.131558702896 1.9677398202 -0.0894427191 1.99178641294 -0.0452678730213 2.0 3.06161699787e-17 1.99178641294 0.0452678730213 1.9677398202 0.0894427191 1.92952764248 0.131558702896 1.87958684698 0.170871531543 1.82073295493 0.206901472151 1.75579114583 0.23942606534
 -1.02899151086 -0.428746462856 -0.894427191 -0.4472135955 -0.742781352708 -0.464238345443 -0.574695771133 -0.478913142611 -0.392232270276 -0.490290337845 -0.199007438042 -0.497518595105 1.22464679915e-16 -0.5 0.199007438042 -0.497518595105 0.392232270276 -0.490290337845 0.574695771133 -0.478913142611 0.742781352708 -0.464238345443 0.894427191 -0.4472135955 1.02899151086 -0.428746462856
 1.71498585143 -0.257247877714 1.788854382 -0.22360679775 1.85695338177 -0.185695338177 1.91565257044 -0.143673942783 1.96116135138 -0.0980580675691 1.99007438042 -0.0497518595105 2.0 3.06161699787e-17 1.99007438042 0.0497518595105 1.96116135138 0.0980580675691 1.91565257044 0.143673942783 1.85695338177 0.185695338177 1.788854382 0.22360679775 1.71498585143 0.257247877714
 -1.10940039245 -0.416025147169 -0.971285862357 -0.437078638061 -0.812276932107 -0.45690577431 -0.632455532034 -0.474341649025 -0.433860915637 -0.488093530092 -0.22086305215 -0.496941867337 1.22464679915e-16 -0.5 0.22086305215 -0.496941867337 0.433860915637 -0.488093530092 0.632455532034 -0.474341649025 0.812276932107 -0.45690577431 0.971285862357 -0.437078638061 1.10940039245 -0.416025147169
 1.66410058868 -0.277350098113 1.74831455224 -0.242821465589 1.82762309724 -0.203069233027 1.8973665961 -0.158113883008 1.95237412037 -0.108465228909 1.98776746935 -0.0552157630374 2.0 3.06161699787e-17 1.98776746935 0.0552157630374 1.95237412037 0.108465228909 1.8973665961 0.158113883008 1.82762309724 0.203069233027 1.74831455224 0.242821465589 1.66410058868 0.277350098113
 -1.2 -0.4 -1.05999788001 -0.423999152003 -0.894427191 -0.4472135955 -0.702246883177 -0.468164588785 -0.485071250073 -0.485071250073 -0.248069469178 -0.496138938357 1.22464679915e-16 -0.5 0.248069469178 -0.496138938357 0.485071250073 -0.485071250073 0.702246883177 -0.468164588785 0.894427191 -0.4472135955 1.05999788001 -0.423999152003 1.2 -0.4
 1.6 -0.3 1.69599660801 -0.264999470002 1.788854382 -0.22360679775 1.87265835514 -0.175561720794 1.94028500029 -0.121267812518 1.98455575343 -0.0620173672946 2.0 3.06161699787e-17 1.98455575343 0.0620173672946 1.94028500029 0.121267812518 1.87265835514 0.175561720794 1.788854382 0.22360679775 1.69599660801 0.264999470002 1.6 0.3
 -1.30158274691 -0.379628301183 -1.16247638744 -0.406866735603 -0.992277876714 -0.434121571062 -0.787838597158 -0.459572515009 -0.549442255795 -0.48076197382 -0.282842712475 -0.494974746831 1.22464679915e-16 -0.5 0.282842712475 -0.494974746831 0.549442255795 -0.48076197382 0.787838597158 -0.459572515009 0.992277876714 -0.434121571062 1.16247638744 -0.406866735603 1.30158274691 -0.379628301183
 1.51851320473 -0.325395686728 1.62746694241 -0.29061909686 1.73648628425 -0.248069469178 1.83829006004 -0.19695964929 1.92304789528 -0.137360563949 1.97989898732 -0.0707106781187 2.0 3.06161699787e-17 1.97989898732 0.0707106781187 1.92304789528 0.137360563949 1.83829006004 0.19695964929 1.73648628425 0.248069469178 1.62746694241 0.29061909686 1.51851320473 0.325395686728
 -1.41421356237 -0.353553390593 -1.28036879933 -0.384110639799 -1.10940039245 -0.416025147169 -0.894427191 -0.4472135955 -0.632455532034 -0.474341649025 -0.328797974611 -0.493196961916 1.22464679915e-16 -0.5 0.328797974611 -0.493196961916 0.632455532034 -0.474341649025 0.894427191 -0.4472135955 1.10940039245 -0.416025147169 1.28036879933 -0.384110639799 1.41421356237 -0.353553390593
 1.41421356237 -0.353553390593 1.53644255919 -0.320092199832 1.66410058868 -0.277350098113 1.788854382 -0.22360679775 1.8973665961 -0.158113883008 1.97278784766 -0.0821994936527 2.0 3.06161699787e-17 1.97278784766 0.0821994936527 1.8973665961 0.158113883008 1.788854382 0.22360679775 1.66410058868 0.277350098113 1.53644255919 0.320092199832 1.41421356237 0.353553390593