 3.15752523076 -0.0173304405995 3.15752523076 0.0173304405995 3.16227766017 0.0 3.15752523076 0.0173304405995 3.16227766017 0.0 3.15752523076 0.0173304405995 3.16227766017 0.0 3.15752523076 0.0173304405995 3.16227766017 0.0 3.15752523076 0.0173304405995 3.16227766017 0.0 3.15752523076 0.0173304405995 3.16227766017 0.0
 0.173304405995 0.315752523076 -0.173304405995 0.315752523076 0.0 0.316227766017 -0.173304405995 0.315752523076 0.0 0.316227766017 -0.173304405995 0.315752523076 0.0 0.316227766017 -0.173304405995 0.315752523076 0.0 0.316227766017 -0.173304405995 0.315752523076 0.0 0.316227766017 -0.173304405995 0.315752523076 0.0 0.316227766017
 3.16108932954 -0.00866847776757 3.16198056355 0.00433464612465 3.15882424336 -0.0147747756472 3.16222779903 0.00177580137898 3.15823736135 -0.0159802282046 3.16225889299 0.00108946651844 3.15801164403 -0.0164202485287 3.16226796241 0.000783159651439 3.15789393405 -0.0166450897493 3.16227176245 0.000610740693096 3.15782192425 -0.0167811485705 3.16227735942 0.000137916813515 3.15777338632 -0.0168722377412
 0.0866847776757 0.316108932954 -0.0433464612465 0.316198056355 0.147747756472 0.315882424336 -0.0177580137898 0.316222779903 0.159802282046 0.315823736135 -0.0108946651844 0.316225889299 0.164202485287 0.315801164403 -0.00783159651439 0.316226796241 0.166450897493 0.315789393405 -0.00610740693096 0.316227176245 0.167811485705 0.315782192425 -0.00137916813515 0.316227735942 0.168722377412 0.315777338632
 3.16108932954 0.00866847776757 3.16028436983 -0.0112261755771 3.16198056355 0.00433464612465 3.15913747539 -0.0140891488784 3.16217412249 0.00255894323612 3.15860652271 -0.0152331332024 3.16222779903 0.00177580137898 3.15832976206 -0.0157965547169 3.16224875466 0.00135208596479 3.15816364859 -0.0161252499923 3.16225889299 0.00108946651844 3.15767510371 -0.0170551867145 3.16226452382 0.000911489911617
 -0.0866847776757 0.316108932954 0.112261755771 0.316028436983 -0.0433464612465 0.316198056355 0.140891488784 0.315913747539 -0.0255894323612 0.316217412249 0.152331332024 0.315860652271 -0.0177580137898 0.316222779903 0.157965547169 0.315832976206 -0.0135208596479 0.316224875466 0.161252499923 0.315816364859 -0.0108946651844 0.316225889299 0.170551867145 0.315767510371 -0.00911489911617 0.316226452382
 3.16108932954 -0.00866847776757 3.16152627218 0.00689320702478 3.16003327315 -0.0119120580114 3.16198056355 0.00433464612465 3.15927246529 -0.0137831382632 3.16213699598 0.0029826475668 3.15882424336 -0.0147747756472 3.16219870131 0.00223466650567 3.15854850706 -0.0153529568898 3.16222779903 0.00177580137898 3.15836595326 -0.01572402789 3.1622749624 0.000413063530445 3.15823736135 -0.0159802282046
 0.0866847776757 0.316108932954 -0.0689320702478 0.316152627218 0.119120580114 0.316003327315 -0.0433464612465 0.316198056355 0.137831382632 0.315927246529 -0.029826475668 0.316213699598 0.147747756472 0.315882424336 -0.0223466650567 0.316219870131 0.153529568898 0.315854850706 -0.0177580137898 0.316222779903 0.1572402789 0.315836595326 -0.00413063530445 0.31622749624 0.159802282046 0.315823736135
 3.16108932954 0.00866847776757 3.16068979928 -0.0100199764051 3.16168729171 0.00611021232031 3.15991640675 -0.0122181431985 3.16198056355 0.00433464612465 3.15934714659 -0.0136108806984 3.16211113517 0.00324525623696 3.15896587461 -0.0144687950511 3.16217412249 0.00255894323612 3.15870611838 -0.015025198073 3.16220792578 0.00210008133463 3.15782185098 -0.0167812864409 3.16222779903 0.00177580137898
 -0.0866847776757 0.316108932954 0.100199764051 0.316068979928 -0.0611021232031 0.316168729171 0.122181431985 0.315991640675 -0.0433464612465 0.316198056355 0.136108806984 0.315934714659 -0.0324525623696 0.316211113517 0.144687950511 0.315896587461 -0.0255894323612 0.316217412249 0.15025198073 0.315870611838 -0.0210008133463 0.316220792578 0.167812864409 0.315782185098 -0.0177580137898 0.316222779903
 3.16108932954 -0.00866847776757 3.16136921543 0.00757936920742 3.16044394425 -0.0107675787702 3.16176632555 0.00568656543889 3.15984931911 -0.0123904320086 3.16198056355 0.00433464612465 3.15939445876 -0.0135006125525 3.1620923696 0.00342322384123 3.15906475611 -0.0142512689567 3.16215380716 0.00279874948957 3.15882424336 -0.0147747756472 3.1622702157 0.00068616987459 3.15864440315 -0.0151543836814
 0.0866847776757 0.316108932954 -0.0757936920742 0.316136921543 0.107675787702 0.316044394425 -0.0568656543889 0.316176632555 0.123904320086 0.315984931911 -0.0433464612465 0.316198056355 0.135006125525 0.315939445876 -0.0342322384123 0.31620923696 0.142512689567 0.315906475611 -0.0279874948957 0.316215380716 0.147747756472 0.315882424336 -0.0068616987459 0.31622702157 0.151543836814 0.315864440315
 3.16108932954 0.00866847776757 3.16082633929 -0.00957958914711 3.16152627218 0.00689320702478 3.16028436983 -0.0112261755771 3.1618124611 0.00542398456265 3.15980588165 -0.0125007160976 3.16198056355 0.00433464612465 3.15942709026 -0.0134240311977 3.16207821718 0.00355154675815 3.15913747539 -0.0140891488784 3.16213699598 0.0029826475668 3.15796481461 -0.0165100665345 3.16217412249 0.00255894323612
 -0.0866847776757 0.316108932954 0.0957958914711 0.316082633929 -0.0689320702478 0.316152627218 0.112261755771 0.316028436983 -0.0542398456265 0.31618124611 0.125007160976 0.315980588165 -0.0433464612465 0.316198056355 0.134240311977 0.315942709026 -0.0355154675815 0.316207821718 0.140891488784 0.315913747539 -0.029826475668 0.316213699598 0.165100665345 0.315796481461 -0.0255894323612 0.316217412249
 3.16108932954 -0.00866847776757 3.1612943162 0.0078855858307 3.16063099251 -0.0102037881202 3.16162297012 0.00643443456882 3.16017414699 -0.011532285408 3.16184248729 0.00524603239515 3.15977548818 -0.0125773066611 3.16198056355 0.00433464612465 3.15945094683 -0.0133677651776 3.16206719532 0.00364835889724 3.15919310414 -0.0139638571825 3.16226321129 0.000955941967146 3.15898838281 -0.0144195690805
 0.0866847776757 0.316108932954 -0.078855858307 0.31612943162 0.102037881202 0.316063099251 -0.0643443456882 0.316162297012 0.11532285408 0.316017414699 -0.0524603239515 0.316184248729 0.125773066611 0.315977548818 -0.0433464612465 0.316198056355 0.133677651776 0.315945094683 -0.0364835889724 0.316206719532 0.139638571825 0.315919310414 -0.00955941967146 0.316226321129 0.144195690805 0.315898838281
 3.16108932954 0.00866847776757 3.16089374329 -0.00935454093473 3.1614310705 0.00731682065773 3.16048456468 -0.0106476835075 3.16168729171 0.00611021232031 3.16009398783 -0.0117498885384 3.16186351624 0.00511771890502 3.15975303932 -0.0126335784735 3.16198056355 0.00433464612465 3.15946914455 -0.0133246856005 3.16205838278 0.00372395472655 3.15810342162 -0.0162427763476 3.16211113517 0.00324525623696
 -0.0866847776757 0.316108932954 0.0935454093473 0.316089374329 -0.0731682065773 0.31614310705 0.106476835075 0.316048456468 -0.0611021232031 0.316168729171 0.117498885384 0.316009398783 -0.0511771890502 0.316186351624 0.126335784735 0.315975303932 -0.0433464612465 0.316198056355 0.133246856005 0.315946914455 -0.0372395472655 0.316205838278 0.162427763476 0.315810342162 -0.0324525623696 0.316211113517
 3.16108932954 -0.00866847776757 3.16125085109 0.00805795041362 3.1607354769 -0.00987483926236 3.16152627218 0.00689320702478 3.16037237621 -0.0109756292236 3.16173272002 0.00587044049335 3.16003327315 -0.0119120580114 3.1618790368 0.00502091293305 3.15973578393 -0.0126766619279 3.16198056355 0.00433464612465 3.15948348157 -0.0132906469808 3.16225408085 0.00122118047312 3.15927246529 -0.0137831382632
 0.0866847776757 0.316108932954 -0.0805795041362 0.316125085109 0.0987483926236 0.31607354769 -0.0689320702478 0.316152627218 0.109756292236 0.316037237621 -0.0587044049335 0.316173272002 0.119120580114 0.316003327315 -0.0502091293305 0.31618790368 0.126766619279 0.315973578393 -0.0433464612465 0.316198056355 0.132906469808 0.315948348157 -0.0122118047312 0.316225408085 0.137831382632 0.315927246529
 3.16108932954 0.00866847776757 3.16093375468 -0.0092183504511 3.16136921543 0.00757936920742 3.16060747767 -0.0102763671059 3.16159529845 0.00656899445124 3.16028436983 -0.0112261755771 3.16176632555 0.00568656543889 3.15998578171 -0.0120373831895 3.16189095 0.00494532135432 3.15972210839 -0.0127107032694 3.16198056355 0.00433464612465 3.15823719554 -0.0159805558968 3.16204519287 0.00383431644397
 -0.0866847776757 0.316108932954 0.092183504511 0.316093375468 -0.0757936920742 0.316136921543 0.102763671059 0.316060747767 -0.0656899445124 0.316159529845 0.112261755771 0.316028436983 -0.0568656543889 0.316176632555 0.120373831895 0.315998578171 -0.0494532135432 0.316189095 0.127107032694 0.315972210839 -0.0433464612465 0.316198056355 0.159805558968 0.315823719554 -0.0383431644397 0.316204519287
 3.16108932954 -0.00866847776757 3.16112683484 0.00853061195645 3.16101256377 -0.00894403246348 3.16119986231 0.00825556206429 3.16093379493 -0.00921821244478 3.16126998167 0.00798254533717 3.16085345726 -0.00948969003544 3.16133693018 0.00771285541985 3.16077200613 -0.00975721539908 3.1614005107 0.00744769155753 3.16068990325 -0.0100196484584 3.16198056355 0.00433464612465 3.16060760239 -0.0102759835062
 0.0866847776757 0.316108932954 -0.0853061195645 0.316112683484 0.0894403246348 0.316101256377 -0.0825556206429 0.316119986231 0.0921821244478 0.316093379493 -0.0798254533717 0.316126998167 0.0948969003544 0.316085345726 -0.0771285541985 0.316133693018 0.0975721539908 0.316077200613 -0.0744769155753 0.31614005107 0.100196484584 0.316068990325 -0.0433464612465 0.316198056355 0.102759835062 0.316060760239
 3.16108932954 0.00866847776757 3.16096021424 -0.00912717043553 3.16132605696 0.00775729436896 3.16068979928 -0.0100199764051 3.16152627218 0.00689320702478 3.16041700075 -0.0108463732929 3.16168729171 0.00611021232031 3.160156138 -0.0115815298912 3.1618124611 0.00542398456265 3.15991640675 -0.0122181431985 3.16190801754 0.0048349649526 3.15836576241 -0.0157244112176 3.16198056355 0.00433464612465
 -0.0866847776757 0.316108932954 0.0912717043553 0.316096021424 -0.0775729436896 0.316132605696 0.100199764051 0.316068979928 -0.0689320702478 0.316152627218 0.108463732929 0.316041700075 -0.0611021232031 0.316168729171 0.115815298912 0.3160156138 -0.0542398456265 0.31618124611 0.122181431985 0.315991640675 -0.048349649526 0.316190801754 0.157244112176 0.315836576241 -0.0433464612465 0.316198056355