 6.12323399574e-17 1.0 -3.16227766017 1.79160070888e-16 -3.16227766017 3.87267321454e-17 -3.16227766017 3.87267321454e-17 -3.16227766017 -3.87267321454e-17 -3.16227766017 -1.79160070888e-16 -0.4472135955 -0.894427191 3.16227766017 -1.34153335374e-16 3.16227766017 -4.4717778458e-17 3.16227766017 -1.4227970569e-32 3.16227766017 4.4717778458e-17 3.16227766017 1.34153335374e-16 0.707106781187 0.707106781187
 -1.0 6.12323399574e-17 -1.79160070888e-15 -0.316227766017 -3.87267321454e-16 -0.316227766017 -3.87267321454e-16 -0.316227766017 3.87267321454e-16 -0.316227766017 1.79160070888e-15 -0.316227766017 0.894427191 -0.4472135955 1.34153335374e-15 0.316227766017 4.4717778458e-16 0.316227766017 1.4227970569e-31 0.316227766017 -4.4717778458e-16 0.316227766017 -1.34153335374e-15 0.316227766017 -0.707106781187 0.707106781187
 1.93633660727e-16 0.316227766017 -2.2360679775 0.22360679775 -3.0 0.1 -3.16227766017 3.87267321454e-17 -3.0 -0.1 -2.2360679775 -0.22360679775 -5.08533032988e-16 -0.316227766017 2.2360679775 -0.22360679775 3.0 -0.1 3.16227766017 -3.35383338435e-17 3.0 0.1 2.2360679775 0.22360679775 1.59796704816e-15 0.316227766017
 -3.16227766017 1.93633660727e-17 -2.2360679775 -0.22360679775 -1.0 -0.3 -3.87267321454e-16 -0.316227766017 1.0 -0.3 2.2360679775 -0.22360679775 3.16227766017 -5.08533032988e-17 2.2360679775 0.22360679775 1.0 0.3 3.35383338435e-16 0.316227766017 -1.0 0.3 -2.2360679775 0.22360679775 -3.16227766017 1.59796704816e-16
 1.93633660727e-16 0.316227766017 -1.0 0.3 -2.2360679775 0.22360679775 -3.16227766017 3.87267321454e-17 -2.2360679775 -0.22360679775 -1.0 -0.3 -5.08533032988e-16 -0.316227766017 1.0 -0.3 2.2360679775 -0.22360679775 3.16227766017 -1.0061500153e-16 2.2360679775 0.22360679775 1.0 0.3 1.93633660727e-16 0.316227766017
 -3.16227766017 1.93633660727e-17 -3.0 -0.1 -2.2360679775 -0.22360679775 -3.87267321454e-16 -0.316227766017 2.2360679775 -0.22360679775 3.0 -0.1 3.16227766017 -5.08533032988e-17 3.0 0.1 2.2360679775 0.22360679775 1.0061500153e-15 0.316227766017 -2.2360679775 0.22360679775 -3.0 0.1 -3.16227766017 1.93633660727e-17
 1.93633660727e-16 0.316227766017 1.93633660727e-16 0.316227766017 8.95800354442e-16 0.316227766017 0.948683298051 0.316227766017 8.95800354442e-16 -0.316227766017 1.93633660727e-16 -0.316227766017 1.93633660727e-16 -0.316227766017 -5.08533032988e-16 -0.316227766017 -1.2106997267e-15 -0.316227766017 -0.707106781187 -0.707106781187 -1.2106997267e-15 0.316227766017 -5.08533032988e-16 0.316227766017 1.93633660727e-16 0.316227766017
 -3.16227766017 1.93633660727e-17 -3.16227766017 1.93633660727e-17 -3.16227766017 8.95800354442e-17 -0.316227766017 0.948683298051 3.16227766017 8.95800354442e-17 3.16227766017 1.93633660727e-17 3.16227766017 1.93633660727e-17 3.16227766017 -5.08533032988e-17 3.16227766017 -1.2106997267e-16 0.707106781187 -0.707106781187 -3.16227766017 -1.2106997267e-16 -3.16227766017 -5.08533032988e-17 -3.16227766017 1.93633660727e-17
 1.93633660727e-16 0.316227766017 1.0 0.3 2.2360679775 0.22360679775 3.16227766017 3.35383338435e-17 2.2360679775 -0.22360679775 1.0 -0.3 1.93633660727e-16 -0.316227766017 -1.0 -0.3 -2.2360679775 -0.22360679775 -3.16227766017 -3.87267321454e-17 -2.2360679775 0.22360679775 -1.0 0.3 -5.08533032988e-16 0.316227766017
 -3.16227766017 1.93633660727e-17 -3.0 0.1 -2.2360679775 0.22360679775 -3.35383338435e-16 0.316227766017 2.2360679775 0.22360679775 3.0 0.1 3.16227766017 1.93633660727e-17 3.0 -0.1 2.2360679775 -0.22360679775 3.87267321454e-16 -0.316227766017 -2.2360679775 -0.22360679775 -3.0 -0.1 -3.16227766017 -5.08533032988e-17
 1.93633660727e-16 0.316227766017 2.2360679775 0.22360679775 3.0 0.1 3.16227766017 1.11794446145e-17 3.0 -0.1 2.2360679775 -0.22360679775 8.95800354442e-16 -0.316227766017 -2.2360679775 -0.22360679775 -3.0 -0.1 -3.16227766017 -3.87267321454e-17 -3.0 0.1 -2.2360679775 0.22360679775 -1.2106997267e-15 0.316227766017
 -3.16227766017 1.93633660727e-17 -2.2360679775 0.22360679775 -1.0 0.3 -1.11794446145e-16 0.316227766017 1.0 0.3 2.2360679775 0.22360679775 3.16227766017 8.95800354442e-17 2.2360679775 -0.22360679775 1.0 -0.3 3.87267321454e-16 -0.316227766017 -1.0 -0.3 -2.2360679775 -0.22360679775 -3.16227766017 -1.2106997267e-16
 6.12323399574e-17 -1.0 3.16227766017 -6.7076667687e-17 3.16227766017 -2.2358889229e-17 3.16227766017 -2.37132842817e-33 3.16227766017 2.2358889229e-17 3.16227766017 6.7076667687e-17 0.707106781187 0.707106781187 -3.16227766017 3.87267321454e-17 -3.16227766017 3.87267321454e-17 -3.16227766017 3.87267321454e-17 -3.16227766017 -3.87267321454e-17 -3.16227766017 -3.87267321454e-17 -0.894427191 -0.4472135955
 1.0 6.12323399574e-17 6.7076667687e-16 0.316227766017 2.2358889229e-16 0.316227766017 2.37132842817e-32 0.316227766017 -2.2358889229e-16 0.316227766017 -6.7076667687e-16 0.316227766017 -0.707106781187 0.707106781187 -3.87267321454e-16 -0.316227766017 -3.87267321454e-16 -0.316227766017 -3.87267321454e-16 -0.316227766017 3.87267321454e-16 -0.316227766017 3.87267321454e-16 -0.316227766017 0.4472135955 -0.894427191
 1.93633660727e-16 -0.316227766017 2.2360679775 -0.22360679775 3.0 -0.1 3.16227766017 -1.11794446145e-17 3.0 0.1 2.2360679775 0.22360679775 8.95800354442e-16 0.316227766017 -2.2360679775 0.22360679775 -3.0 0.1 -3.16227766017 3.87267321454e-17 -3.0 -0.1 -2.2360679775 -0.22360679775 -1.2106997267e-15 -0.316227766017
 3.16227766017 1.93633660727e-17 2.2360679775 0.22360679775 1.0 0.3 1.11794446145e-16 0.316227766017 -1.0 0.3 -2.2360679775 0.22360679775 -3.16227766017 8.95800354442e-17 -2.2360679775 -0.22360679775 -1.0 -0.3 -3.87267321454e-16 -0.316227766017 1.0 -0.3 2.2360679775 -0.22360679775 3.16227766017 -1.2106997267e-16
 1.93633660727e-16 -0.316227766017 1.0 -0.3 2.2360679775 -0.22360679775 3.16227766017 -3.35383338435e-17 2.2360679775 0.22360679775 1.0 0.3 1.93633660727e-16 0.316227766017 -1.0 0.3 -2.2360679775 0.22360679775 -3.16227766017 3.87267321454e-17 -2.2360679775 -0.22360679775 -1.0 -0.3 -5.08533032988e-16 -0.316227766017
 3.16227766017 1.93633660727e-17 3.0 0.1 2.2360679775 0.22360679775 3.35383338435e-16 0.316227766017 -2.2360679775 0.22360679775 -3.0 0.1 -3.16227766017 1.93633660727e-17 -3.0 -0.1 -2.2360679775 -0.22360679775 -3.87267321454e-16 -0.316227766017 2.2360679775 -0.22360679775 3.0 -0.1 3.16227766017 -5.08533032988e-17
 1.93633660727e-16 -0.316227766017 1.93633660727e-16 -0.316227766017 -5.08533032988e-16 -0.316227766017 -0.707106781187 -0.707106781187 -5.08533032988e-16 0.316227766017 1.93633660727e-16 0.316227766017 1.93633660727e-16 0.316227766017 1.93633660727e-16 0.316227766017 1.93633660727e-16 0.316227766017 0.316227766017 0.948683298051 1.93633660727e-16 -0.316227766017 1.93633660727e-16 -0.316227766017 1.93633660727e-16 -0.316227766017
 3.16227766017 1.93633660727e-17 3.16227766017 1.93633660727e-17 3.16227766017 -5.08533032988e-17 0.707106781187 -0.707106781187 -3.16227766017 -5.08533032988e-17 -3.16227766017 1.93633660727e-17 -3.16227766017 1.93633660727e-17 -3.16227766017 1.93633660727e-17 -3.16227766017 1.93633660727e-17 -0.948683298051 0.316227766017 3.16227766017 1.93633660727e-17 3.16227766017 1.93633660727e-17 3.16227766017 1.93633660727e-17
 1.93633660727e-16 -0.316227766017 -1.0 -0.3 -2.2360679775 -0.22360679775 -3.16227766017 -3.87267321454e-17 -2.2360679775 0.22360679775 -1.0 0.3 -5.08533032988e-16 0.316227766017 1.0 0.3 2.2360679775 0.22360679775 3.16227766017 1.0061500153e-16 2.2360679775 -0.22360679775 1.0 -0.3 1.93633660727e-16 -0.316227766017
 3.16227766017 1.93633660727e-17 3.0 -0.1 2.2360679775 -0.22360679775 3.87267321454e-16 -0.316227766017 -2.2360679775 -0.22360679775 -3.0 -0.1 -3.16227766017 -5.08533032988e-17 -3.0 0.1 -2.2360679775 0.22360679775 -1.0061500153e-15 0.316227766017 2.2360679775 0.22360679775 3.0 0.1 3.16227766017 1.93633660727e-17
 1.93633660727e-16 -0.316227766017 -2.2360679775 -0.22360679775 -3.0 -0.1 -3.16227766017 -3.87267321454e-17 -3.0 0.1 -2.2360679775 0.22360679775 -5.08533032988e-16 0.316227766017 2.2360679775 0.22360679775 3.0 0.1 3.16227766017 3.35383338435e-17 3.0 -0.1 2.2360679775 -0.22360679775 1.59796704816e-15 -0.316227766017
 3.16227766017 1.93633660727e-17 2.2360679775 -0.22360679775 1.0 -0.3 3.87267321454e-16 -0.316227766017 -1.0 -0.3 -2.2360679775 -0.22360679775 -3.16227766017 -5.08533032988e-17 -2.2360679775 0.22360679775 -1.0 0.3 -3.35383338435e-16 0.316227766017 1.0 0.3 2.2360679775 0.22360679775 3.16227766017 1.59796704816e-16
 -1.0 -1.22464679915e-16 -3.16227766017 -3.87267321454e-17 -3.16227766017 -3.87267321454e-17 -3.16227766017 -3.87267321454e-17 -3.16227766017 3.87267321454e-17 -3.16227766017 3.87267321454e-17 -1.0 1.22464679915e-16 3.16227766017 0.0 3.16227766017 0.0 3.16227766017 0.0 3.16227766017 0.0 3.16227766017 0.0 1.0 0.0
 1.22464679915e-16 -1.0 3.87267321454e-16 -0.316227766017 3.87267321454e-16 -0.316227766017 3.87267321454e-16 -0.316227766017 -3.87267321454e-16 -0.316227766017 -3.87267321454e-16 -0.316227766017 -1.22464679915e-16 -1.0 0.0 0.316227766017 0.0 0.316227766017 0.0 0.316227766017 0.0 0.316227766017 0.0 0.316227766017 0.0 1.0
