 1 0 1 0 1 0 1 0 1 0 1 0 -0.866025403784 0.0 -0.891006524188 0.0 -0.920504853452 0.0 -0.939692620786 0.0 -0.961261695938 0.0 -0.978147600734 0.0 -0.990268068742 0.0 -0.99756405026 0.0 -1.0 0.0 -0.99756405026 0.0 -0.990268068742 0.0 -0.978147600734 0.0 -0.961261695938 0.0 -0.939692620786 0.0 -0.920504853452 0.0 -0.891006524188 0.0 -0.866025403784 0.0 1 0 1 0 1 0 1 0 1 0 1 0
 0 1 0 1 0 1 0 1 0 1 0 1 -0.5 0.0 -0.45399049974 0.0 -0.390731128489 0.0 -0.342020143326 0.0 -0.275637355817 0.0 -0.207911690818 0.0 -0.13917310096 0.0 -0.0697564737441 0.0 1.22464679915e-16 0.0 0.0697564737441 0.0 0.13917310096 0.0 0.207911690818 0.0 0.275637355817 0.0 0.342020143326 0.0 0.390731128489 0.0 0.45399049974 0.0 0.5 0.0 0 1 0 1 0 1 0 1 0 1 0 1
 1 0 1 0 1 0 1 0 -0.788010753607 0.0 -0.819152044289 0.0 -0.848048096156 0.0 -0.882947592859 0.0 -0.906307787037 0.0 -0.933580426497 0.0 -0.956304755963 0.0 -0.974370064785 0.0 -0.987688340595 0.0 -0.99756405026 0.0 -1.0 0.0 -0.99756405026 0.0 -0.987688340595 0.0 -0.974370064785 0.0 -0.956304755963 0.0 -0.933580426497 0.0 -0.906307787037 0.0 -0.882947592859 0.0 -0.848048096156 0.0 -0.819152044289 0.0 -0.788010753607 0.0 1 0 1 0 1 0 1 0
 0 1 0 1 0 1 0 1 -0.615661475326 0.0 -0.573576436351 0.0 -0.529919264233 0.0 -0.469471562786 0.0 -0.422618261741 0.0 -0.358367949545 0.0 -0.292371704723 0.0 -0.224951054344 0.0 -0.15643446504 0.0 -0.0697564737441 0.0 1.22464679915e-16 0.0 0.0697564737441 0.0 0.15643446504 0.0 0.224951054344 0.0 0.292371704723 0.0 0.358367949545 0.0 0.422618261741 0.0 0.469471562786 0.0 0.529919264233 0.0 0.573576436351 0.0 0.615661475326 0.0 0 1 0 1 0 1 0 1
 1 0 1 0 1 0 -0.731353701619 0.0 -0.766044443119 0.0 -0.798635510047 0.0 -0.829037572555 0.0 -0.866025403784 0.0 -0.891006524188 0.0 -0.920504853452 0.0 -0.951056516295 0.0 -0.970295726276 0.0 -0.987688340595 0.0 -0.996194698092 0.0 -1.0 0.0 -0.996194698092 0.0 -0.987688340595 0.0 -0.970295726276 0.0 -0.951056516295 0.0 -0.920504853452 0.0 -0.891006524188 0.0 -0.866025403784 0.0 -0.829037572555 0.0 -0.798635510047 0.0 -0.766044443119 0.0 -0.731353701619 0.0 1 0 1 0 1 0
 0 1 0 1 0 1 -0.681998360062 0.0 -0.642787609687 0.0 -0.601815023152 0.0 -0.559192903471 0.0 -0.5 0.0 -0.45399049974 0.0 -0.390731128489 0.0 -0.309016994375 0.0 -0.2419218956 0.0 -0.15643446504 0.0 -0.0871557427477 0.0 1.22464679915e-16 0.0 0.0871557427477 0.0 0.15643446504 0.0 0.2419218956 0.0 0.309016994375 0.0 0.390731128489 0.0 0.45399049974 0.0 0.5 0.0 0.559192903471 0.0 0.601815023152 0.0 0.642787609687 0.0 0.681998360062 0.0 0 1 0 1 0 1
 1 0 1 0 -0.681998360062 0.0 -0.707106781187 0.0 -0.743144825477 0.0 -0.777145961457 0.0 -0.809016994375 0.0 -0.848048096156 0.0 -0.874619707139 0.0 -0.913545457643 0.0 -0.939692620786 0.0 -0.965925826289 0.0 -0.984807753012 0.0 -0.996194698092 0.0 -1.0 0.0 -0.996194698092 0.0 -0.984807753012 0.0 -0.965925826289 0.0 -0.939692620786 0.0 -0.913545457643 0.0 -0.874619707139 0.0 -0.848048096156 0.0 -0.809016994375 0.0 -0.777145961457 0.0 -0.743144825477 0.0 -0.707106781187 0.0 -0.681998360062 0.0 1 0 1 0
 0 1 0 1 -0.731353701619 0.0 -0.707106781187 0.0 -0.669130606359 0.0 -0.62932039105 0.0 -0.587785252292 0.0 -0.529919264233 0.0 -0.484809620246 0.0 -0.406736643076 0.0 -0.342020143326 0.0 -0.258819045103 0.0 -0.173648177667 0.0 -0.0871557427477 0.0 1.22464679915e-16 0.0 0.0871557427477 0.0 0.173648177667 0.0 0.258819045103 0.0 0.342020143326 0.0 0.406736643076 0.0 0.484809620246 0.0 0.529919264233 0.0 0.587785252292 0.0 0.62932039105 0.0 0.669130606359 0.0 0.707106781187 0.0 0.731353701619 0.0 0 1 0 1
 1 0 -0.615661475326 0.0 -0.642787609687 0.0 -0.669130606359 0.0 -0.707106781187 0.0 -0.743144825477 0.0 -0.777145961457 0.0 -0.819152044289 0.0 -0.857167300702 0.0 -0.891006524188 0.0 -0.927183854567 0.0 -0.956304755963 0.0 -0.981627183448 0.0 -0.994521895368 0.0 -1.0 0.0 -0.994521895368 0.0 -0.981627183448 0.0 -0.956304755963 0.0 -0.927183854567 0.0 -0.891006524188 0.0 -0.857167300702 0.0 -0.819152044289 0.0 -0.777145961457 0.0 -0.743144825477 0.0 -0.707106781187 0.0 -0.669130606359 0.0 -0.642787609687 0.0 -0.615661475326 0.0 1 0
 0 1 -0.788010753607 0.0 -0.766044443119 0.0 -0.743144825477 0.0 -0.707106781187 0.0 -0.669130606359 0.0 -0.62932039105 0.0 -0.573576436351 0.0 -0.51503807491 0.0 -0.45399049974 0.0 -0.374606593416 0.0 -0.292371704723 0.0 -0.190808995377 0.0 -0.104528463268 0.0 1.22464679915e-16 0.0 0.104528463268 0.0 0.190808995377 0.0 0.292371704723 0.0 0.374606593416 0.0 0.45399049974 0.0 0.51503807491 0.0 0.573576436351 0.0 0.62932039105 0.0 0.669130606359 0.0 0.707106781187 0.0 0.743144825477 0.0 0.766044443119 0.0 0.788010753607 0.0 0 1
 1 0 -0.573576436351 0.0 -0.601815023152 0.0 -0.62932039105 0.0 -0.669130606359 0.0 -0.707106781187 0.0 -0.743144825477 0.0 -0.788010753607 0.0 -0.829037572555 0.0 -0.874619707139 0.0 -0.913545457643 0.0 -0.951056516295 0.0 -0.974370064785 0.0 -0.994521895368 0.0 -1.0 0.0 -0.994521895368 0.0 -0.974370064785 0.0 -0.951056516295 0.0 -0.913545457643 0.0 -0.874619707139 0.0 -0.829037572555 0.0 -0.788010753607 0.0 -0.743144825477 0.0 -0.707106781187 0.0 -0.669130606359 0.0 -0.62932039105 0.0 -0.601815023152 0.0 -0.573576436351 0.0 1 0
 0 1 -0.819152044289 0.0 -0.798635510047 0.0 -0.777145961457 0.0 -0.743144825477 0.0 -0.707106781187 0.0 -0.669130606359 0.0 -0.615661475326 0.0 -0.559192903471 0.0 -0.484809620246 0.0 -0.406736643076 0.0 -0.309016994375 0.0 -0.224951054344 0.0 -0.104528463268 0.0 1.22464679915e-16 0.0 0.104528463268 0.0 0.224951054344 0.0 0.309016994375 0.0 0.406736643076 0.0 0.484809620246 0.0 0.559192903471 0.0 0.615661475326 0.0 0.669130606359 0.0 0.707106781187 0.0 0.743144825477 0.0 0.777145961457 0.0 0.798635510047 0.0 0.819152044289 0.0 0 1
 -0.5 0.0 -0.529919264233 0.0 -0.559192903471 0.0 -0.587785252292 0.0 -0.62932039105 0.0 -0.669130606359 0.0 -0.707106781187 0.0 -0.754709580223 0.0 -0.798635510047 0.0 -0.848048096156 0.0 -0.891006524188 0.0 -0.933580426497 0.0 -0.970295726276 0.0 -0.992546151641 0.0 -1.0 0.0 -0.992546151641 0.0 -0.970295726276 0.0 -0.933580426497 0.0 -0.891006524188 0.0 -0.848048096156 0.0 -0.798635510047 0.0 -0.754709580223 0.0 -0.707106781187 0.0 -0.669130606359 0.0 -0.62932039105 0.0 -0.587785252292 0.0 -0.559192903471 0.0 -0.529919264233 0.0 -0.5 0.0
 -0.866025403784 0.0 -0.848048096156 0.0 -0.829037572555 0.0 -0.809016994375 0.0 -0.777145961457 0.0 -0.743144825477 0.0 -0.707106781187 0.0 -0.656059028991 0.0 -0.601815023152 0.0 -0.529919264233 0.0 -0.45399049974 0.0 -0.358367949545 0.0 -0.2419218956 0.0 -0.121869343405 0.0 1.22464679915e-16 0.0 0.121869343405 0.0 0.2419218956 0.0 0.358367949545 0.0 0.45399049974 0.0 0.529919264233 0.0 0.601815023152 0.0 0.656059028991 0.0 0.707106781187 0.0 0.743144825477 0.0 0.777145961457 0.0 0.809016994375 0.0 0.829037572555 0.0 0.848048096156 0.0 0.866025403784 0.0
 -0.45399049974 0.0 -0.469471562786 0.0 -0.5 0.0 -0.529919264233 0.0 -0.573576436351 0.0 -0.615661475326 0.0 -0.656059028991 0.0 -0.707106781187 0.0 -0.754709580223 0.0 -0.809016994375 0.0 -0.866025403784 0.0 -0.920504853452 0.0 -0.961261695938 0.0 -0.990268068742 0.0 -1.0 0.0 -0.990268068742 0.0 -0.961261695938 0.0 -0.920504853452 0.0 -0.866025403784 0.0 -0.809016994375 0.0 -0.754709580223 0.0 -0.707106781187 0.0 -0.656059028991 0.0 -0.615661475326 0.0 -0.573576436351 0.0 -0.529919264233 0.0 -0.5 0.0 -0.469471562786 0.0 -0.45399049974 0.0
 -0.891006524188 0.0 -0.882947592859 0.0 -0.866025403784 0.0 -0.848048096156 0.0 -0.819152044289 0.0 -0.788010753607 0.0 -0.754709580223 0.0 -0.707106781187 0.0 -0.656059028991 0.0 -0.587785252292 0.0 -0.5 0.0 -0.390731128489 0.0 -0.275637355817 0.0 -0.13917310096 0.0 1.22464679915e-16 0.0 0.13917310096 0.0 0.275637355817 0.0 0.390731128489 0.0 0.5 0.0 0.587785252292 0.0 0.656059028991 0.0 0.707106781187 0.0 0.754709580223 0.0 0.788010753607 0.0 0.819152044289 0.0 0.848048096156 0.0 0.866025403784 0.0 0.882947592859 0.0 0.891006524188 0.0
 -0.390731128489 0.0 -0.422618261741 0.0 -0.45399049974 0.0 -0.484809620246 0.0 -0.51503807491 0.0 -0.559192903471 0.0 -0.601815023152 0.0 -0.656059028991 0.0 -0.707106781187 0.0 -0.766044443119 0.0 -0.829037572555 0.0 -0.891006524188 0.0 -0.951056516295 0.0 -0.987688340595 0.0 -1.0 0.0 -0.987688340595 0.0 -0.951056516295 0.0 -0.891006524188 0.0 -0.829037572555 0.0 -0.766044443119 0.0 -0.707106781187 0.0 -0.656059028991 0.0 -0.601815023152 0.0 -0.559192903471 0.0 -0.51503807491 0.0 -0.484809620246 0.0 -0.45399049974 0.0 -0.422618261741 0.0 -0.390731128489 0.0
 -0.920504853452 0.0 -0.906307787037 0.0 -0.891006524188 0.0 -0.874619707139 0.0 -0.857167300702 0.0 -0.829037572555 0.0 -0.798635510047 0.0 -0.754709580223 0.0 -0.707106781187 0.0 -0.642787609687 0.0 -0.559192903471 0.0 -0.45399049974 0.0 -0.309016994375 0.0 -0.15643446504 0.0 1.22464679915e-16 0.0 0.15643446504 0.0 0.309016994375 0.0 0.45399049974 0.0 0.559192903471 0.0 0.642787609687 0.0 0.707106781187 0.0 0.754709580223 0.0 0.798635510047 0.0 0.829037572555 0.0 0.857167300702 0.0 0.874619707139 0.0 0.891006524188 0.0 0.906307787037 0.0 0.920504853452 0.0
 -0.342020143326 0.0 -0.358367949545 0.0 -0.390731128489 0.0 -0.406736643076 0.0 -0.45399049974 0.0 -0.484809620246 0.0 -0.529919264233 0.0 -0.587785252292 0.0 -0.642787609687 0.0 -0.707106781187 0.0 -0.777145961457 0.0 -0.857167300702 0.0 -0.927183854567 0.0 -0.981627183448 0.0 -1.0 0.0 -0.981627183448 0.0 -0.927183854567 0.0 -0.857167300702 0.0 -0.777145961457 0.0 -0.707106781187 0.0 -0.642787609687 0.0 -0.587785252292 0.0 -0.529919264233 0.0 -0.484809620246 0.0 -0.45399049974 0.0 -0.406736643076 0.0 -0.390731128489 0.0 -0.358367949545 0.0 -0.342020143326 0.0
 -0.939692620786 0.0 -0.933580426497 0.0 -0.920504853452 0.0 -0.913545457643 0.0 -0.891006524188 0.0 -0.874619707139 0.0 -0.848048096156 0.0 -0.809016994375 0.0 -0.766044443119 0.0 -0.707106781187 0.0 -0.62932039105 0.0 -0.51503807491 0.0 -0.374606593416 0.0 -0.190808995377 0.0 1.22464679915e-16 0.0 0.190808995377 0.0 0.374606593416 0.0 0.51503807491 0.0 0.62932039105 0.0 0.707106781187 0.0 0.766044443119 0.0 0.809016994375 0.0 0.848048096156 0.0 0.874619707139 0.0 0.891006524188 0.0 0.913545457643 0.0 0.920504853452 0.0 0.933580426497 0.0 0.939692620786 0.0
 -0.275637355817 0.0 -0.292371704723 0.0 -0.309016994375 0.0 -0.342020143326 0.0 -0.374606593416 0.0 -0.406736643076 0.0 -0.45399049974 0.0 -0.5 0.0 -0.559192903471 0.0 -0.62932039105 0.0 -0.707106781187 0.0 -0.798635510047 0.0 -0.891006524188 0.0 -0.970295726276 0.0 -1.0 0.0 -0.970295726276 0.0 -0.891006524188 0.0 -0.798635510047 0.0 -0.707106781187 0.0 -0.62932039105 0.0 -0.559192903471 0.0 -0.5 0.0 -0.45399049974 0.0 -0.406736643076 0.0 -0.374606593416 0.0 -0.342020143326 0.0 -0.309016994375 0.0 -0.292371704723 0.0 -0.275637355817 0.0
 -0.961261695938 0.0 -0.956304755963 0.0 -0.951056516295 0.0 -0.939692620786 0.0 -0.927183854567 0.0 -0.913545457643 0.0 -0.891006524188 0.0 -0.866025403784 0.0 -0.829037572555 0.0 -0.777145961457 0.0 -0.707106781187 0.0 -0.601815023152 0.0 -0.45399049974 0.0 -0.2419218956 0.0 1.22464679915e-16 0.0 0.2419218956 0.0 0.45399049974 0.0 0.601815023152 0.0 0.707106781187 0.0 0.777145961457 0.0 0.829037572555 0.0 0.866025403784 0.0 0.891006524188 0.0 0.913545457643 0.0 0.927183854567 0.0 0.939692620786 0.0 0.951056516295 0.0 0.956304755963 0.0 0.961261695938 0.0
 -0.207911690818 0.0 -0.224951054344 0.0 -0.2419218956 0.0 -0.258819045103 0.0 -0.292371704723 0.0 -0.309016994375 0.0 -0.358367949545 0.0 -0.390731128489 0.0 -0.45399049974 0.0 -0.51503807491 0.0 -0.601815023152 0.0 -0.707106781187 0.0 -0.829037572555 0.0 -0.951056516295 0.0 -1.0 0.0 -0.951056516295 0.0 -0.829037572555 0.0 -0.707106781187 0.0 -0.601815023152 0.0 -0.51503807491 0.0 -0.45399049974 0.0 -0.390731128489 0.0 -0.358367949545 0.0 -0.309016994375 0.0 -0.292371704723 0.0 -0.258819045103 0.0 -0.2419218956 0.0 -0.224951054344 0.0 -0.207911690818 0.0
 -0.978147600734 0.0 -0.974370064785 0.0 -0.970295726276 0.0 -0.965925826289 0.0 -0.956304755963 0.0 -0.951056516295 0.0 -0.933580426497 0.0 -0.920504853452 0.0 -0.891006524188 0.0 -0.857167300702 0.0 -0.798635510047 0.0 -0.707106781187 0.0 -0.559192903471 0.0 -0.309016994375 0.0 1.22464679915e-16 0.0 0.309016994375 0.0 0.559192903471 0.0 0.707106781187 0.0 0.798635510047 0.0 0.857167300702 0.0 0.891006524188 0.0 0.920504853452 0.0 0.933580426497 0.0 0.951056516295 0.0 0.956304755963 0.0 0.965925826289 0.0 0.970295726276 0.0 0.974370064785 0.0 0.978147600734 0.0
 -0.13917310096 0.0 -0.15643446504 0.0 -0.15643446504 0.0 -0.173648177667 0.0 -0.190808995377 0.0 -0.224951054344 0.0 -0.2419218956 0.0 -0.275637355817 0.0 -0.309016994375 0.0 -0.374606593416 0.0 -0.45399049974 0.0 -0.559192903471 0.0 -0.707106781187 0.0 -0.891006524188 0.0 -1.0 0.0 -0.891006524188 0.0 -0.707106781187 0.0 -0.559192903471 0.0 -0.45399049974 0.0 -0.374606593416 0.0 -0.309016994375 0.0 -0.275637355817 0.0 -0.2419218956 0.0 -0.224951054344 0.0 -0.190808995377 0.0 -0.173648177667 0.0 -0.15643446504 0.0 -0.15643446504 0.0 -0.13917310096 0.0
 -0.990268068742 0.0 -0.987688340595 0.0 -0.987688340595 0.0 -0.984807753012 0.0 -0.981627183448 0.0 -0.974370064785 0.0 -0.970295726276 0.0 -0.961261695938 0.0 -0.951056516295 0.0 -0.927183854567 0.0 -0.891006524188 0.0 -0.829037572555 0.0 -0.707106781187 0.0 -0.45399049974 0.0 1.22464679915e-16 0.0 0.45399049974 0.0 0.707106781187 0.0 0.829037572555 0.0 0.891006524188 0.0 0.927183854567 0.0 0.951056516295 0.0 0.961261695938 0.0 0.970295726276 0.0 0.974370064785 0.0 0.981627183448 0.0 0.984807753012 0.0 0.987688340595 0.0 0.987688340595 0.0 0.990268068742 0.0
 -0.0697564737441 0.0 -0.0697564737441 0.0 -0.0871557427477 0.0 -0.0871557427477 0.0 -0.104528463268 0.0 -0.104528463268 0.0 -0.121869343405 0.0 -0.13917310096 0.0 -0.15643446504 0.0 -0.190808995377 0.0 -0.2419218956 0.0 -0.309016994375 0.0 -0.45399049974 0.0 -0.707106781187 0.0 -1.0 0.0 -0.707106781187 0.0 -0.45399049974 0.0 -0.309016994375 0.0 -0.2419218956 0.0 -0.190808995377 0.0 -0.15643446504 0.0 -0.13917310096 0.0 -0.121869343405 0.0 -0.104528463268 0.0 -0.104528463268 0.0 -0.0871557427477 0.0 -0.0871557427477 0.0 -0.0697564737441 0.0 -0.0697564737441 0.0
 -0.99756405026 0.0 -0.99756405026 0.0 -0.996194698092 0.0 -0.996194698092 0.0 -0.994521895368 0.0 -0.994521895368 0.0 -0.992546151641 0.0 -0.990268068742 0.0 -0.987688340595 0.0 -0.981627183448 0.0 -0.970295726276 0.0 -0.951056516295 0.0 -0.891006524188 0.0 -0.707106781187 0.0 1.22464679915e-16 0.0 0.707106781187 0.0 0.891006524188 0.0 0.951056516295 0.0 0.970295726276 0.0 0.981627183448 0.0 0.987688340595 0.0 0.990268068742 0.0 0.992546151641 0.0 0.994521895368 0.0 0.994521895368 0.0 0.996194698092 0.0 0.996194698092 0.0 0.99756405026 0.0 0.99756405026 0.0
 -1.83697019872e-16 0.0 -1.83697019872e-16 0.0 -1.83697019872e-16 0.0 -1.83697019872e-16 0.0 -1.83697019872e-16 0.0 -1.83697019872e-16 0.0 -1.83697019872e-16 0.0 -1.83697019872e-16 0.0 -1.83697019872e-16 0.0 -1.83697019872e-16 0.0 -1.83697019872e-16 0.0 -1.83697019872e-16 0.0 -1.83697019872e-16 0.0 -1.83697019872e-16 0.0 6.12323399574e-17 -1.0 6.12323399574e-17 0.0 6.12323399574e-17 0.0 6.12323399574e-17 0.0 6.12323399574e-17 0.0 6.12323399574e-17 0.0 6.12323399574e-17 0.0 6.12323399574e-17 0.0 6.12323399574e-17 0.0 6.12323399574e-17 0.0 6.12323399574e-17 0.0 6.12323399574e-17 0.0 6.12323399574e-17 0.0 6.12323399574e-17 0.0 6.12323399574e-17 0.0
 -1.0 0.0 -1.0 0.0 -1.0 0.0 -1.0 0.0 -1.0 0.0 -1.0 0.0 -1.0 0.0 -1.0 0.0 -1.0 0.0 -1.0 0.0 -1.0 0.0 -1.0 0.0 -1.0 0.0 -1.0 0.0 1.0 6.12323399574e-17 1.0 0.0 1.0 0.0 1.0 0.0 1.0 0.0 1.0 0.0 1.0 0.0 1.0 0.0 1.0 0.0 1.0 0.0 1.0 0.0 1.0 0.0 1.0 0.0 1.0 0.0 1.0 0.0
 0.0697564737441 0.0 0.0697564737441 0.0 0.0871557427477 0.0 0.0871557427477 0.0 0.104528463268 0.0 0.104528463268 0.0 0.121869343405 0.0 0.13917310096 0.0 0.15643446504 0.0 0.190808995377 0.0 0.2419218956 0.0 0.309016994375 0.0 0.45399049974 0.0 0.707106781187 0.0 1.0 0.0 0.707106781187 0.0 0.45399049974 0.0 0.309016994375 0.0 0.2419218956 0.0 0.190808995377 0.0 0.15643446504 0.0 0.13917310096 0.0 0.121869343405 0.0 0.104528463268 0.0 0.104528463268 0.0 0.0871557427477 0.0 0.0871557427477 0.0 0.0697564737441 0.0 0.0697564737441 0.0
 -0.99756405026 0.0 -0.99756405026 0.0 -0.996194698092 0.0 -0.996194698092 0.0 -0.994521895368 0.0 -0.994521895368 0.0 -0.992546151641 0.0 -0.990268068742 0.0 -0.987688340595 0.0 -0.981627183448 0.0 -0.970295726276 0.0 -0.951056516295 0.0 -0.891006524188 0.0 -0.707106781187 0.0 -2.44929359829e-16 0.0 0.707106781187 0.0 0.891006524188 0.0 0.951056516295 0.0 0.970295726276 0.0 0.981627183448 0.0 0.987688340595 0.0 0.990268068742 0.0 0.992546151641 0.0 0.994521895368 0.0 0.994521895368 0.0 0.996194698092 0.0 0.996194698092 0.0 0.99756405026 0.0 0.99756405026 0.0
 0.13917310096 0.0 0.15643446504 0.0 0.15643446504 0.0 0.173648177667 0.0 0.190808995377 0.0 0.224951054344 0.0 0.2419218956 0.0 0.275637355817 0.0 0.309016994375 0.0 0.374606593416 0.0 0.45399049974 0.0 0.559192903471 0.0 0.707106781187 0.0 0.891006524188 0.0 1.0 0.0 0.891006524188 0.0 0.707106781187 0.0 0.559192903471 0.0 0.45399049974 0.0 0.374606593416 0.0 0.309016994375 0.0 0.275637355817 0.0 0.2419218956 0.0 0.224951054344 0.0 0.190808995377 0.0 0.173648177667 0.0 0.15643446504 0.0 0.15643446504 0.0 0.13917310096 0.0
 -0.990268068742 0.0 -0.987688340595 0.0 -0.987688340595 0.0 -0.984807753012 0.0 -0.981627183448 0.0 -0.974370064785 0.0 -0.970295726276 0.0 -0.961261695938 0.0 -0.951056516295 0.0 -0.927183854567 0.0 -0.891006524188 0.0 -0.829037572555 0.0 -0.707106781187 0.0 -0.45399049974 0.0 -2.44929359829e-16 0.0 0.45399049974 0.0 0.707106781187 0.0 0.829037572555 0.0 0.891006524188 0.0 0.927183854567 0.0 0.951056516295 0.0 0.961261695938 0.0 0.970295726276 0.0 0.974370064785 0.0 0.981627183448 0.0 0.984807753012 0.0 0.987688340595 0.0 0.987688340595 0.0 0.990268068742 0.0
 0.207911690818 0.0 0.224951054344 0.0 0.2419218956 0.0 0.258819045103 0.0 0.292371704723 0.0 0.309016994375 0.0 0.358367949545 0.0 0.390731128489 0.0 0.45399049974 0.0 0.51503807491 0.0 0.601815023152 0.0 0.707106781187 0.0 0.829037572555 0.0 0.951056516295 0.0 1.0 0.0 0.951056516295 0.0 0.829037572555 0.0 0.707106781187 0.0 0.601815023152 0.0 0.51503807491 0.0 0.45399049974 0.0 0.390731128489 0.0 0.358367949545 0.0 0.309016994375 0.0 0.292371704723 0.0 0.258819045103 0.0 0.2419218956 0.0 0.224951054344 0.0 0.207911690818 0.0
 -0.978147600734 0.0 -0.974370064785 0.0 -0.970295726276 0.0 -0.965925826289 0.0 -0.956304755963 0.0 -0.951056516295 0.0 -0.933580426497 0.0 -0.920504853452 0.0 -0.891006524188 0.0 -0.857167300702 0.0 -0.798635510047 0.0 -0.707106781187 0.0 -0.559192903471 0.0 -0.309016994375 0.0 -2.44929359829e-16 0.0 0.309016994375 0.0 0.559192903471 0.0 0.707106781187 0.0 0.798635510047 0.0 0.857167300702 0.0 0.891006524188 0.0 0.920504853452 0.0 0.933580426497 0.0 0.951056516295 0.0 0.956304755963 0.0 0.965925826289 0.0 0.970295726276 0.0 0.974370064785 0.0 0.978147600734 0.0
 0.275637355817 0.0 0.292371704723 0.0 0.309016994375 0.0 0.342020143326 0.0 0.374606593416 0.0 0.406736643076 0.0 0.45399049974 0.0 0.5 0.0 0.559192903471 0.0 0.62932039105 0.0 0.707106781187 0.0 0.798635510047 0.0 0.891006524188 0.0 0.970295726276 0.0 1.0 0.0 0.970295726276 0.0 0.891006524188 0.0 0.798635510047 0.0 0.707106781187 0.0 0.62932039105 0.0 0.559192903471 0.0 0.5 0.0 0.45399049974 0.0 0.406736643076 0.0 0.374606593416 0.0 0.342020143326 0.0 0.309016994375 0.0 0.292371704723 0.0 0.275637355817 0.0
 -0.961261695938 0.0 -0.956304755963 0.0 -0.951056516295 0.0 -0.939692620786 0.0 -0.927183854567 0.0 -0.913545457643 0.0 -0.891006524188 0.0 -0.866025403784 0.0 -0.829037572555 0.0 -0.777145961457 0.0 -0.707106781187 0.0 -0.601815023152 0.0 -0.45399049974 0.0 -0.2419218956 0.0 -2.44929359829e-16 0.0 0.2419218956 0.0 0.45399049974 0.0 0.601815023152 0.0 0.707106781187 0.0 0.777145961457 0.0 0.829037572555 0.0 0.866025403784 0.0 0.891006524188 0.0 0.913545457643 0.0 0.927183854567 0.0 0.939692620786 0.0 0.951056516295 0.0 0.956304755963 0.0 0.961261695938 0.0
 0.342020143326 0.0 0.358367949545 0.0 0.390731128489 0.0 0.406736643076 0.0 0.45399049974 0.0 0.484809620246 0.0 0.529919264233 0.0 0.587785252292 0.0 0.642787609687 0.0 0.707106781187 0.0 0.777145961457 0.0 0.857167300702 0.0 0.927183854567 0.0 0.981627183448 0.0 1.0 0.0 0.981627183448 0.0 0.927183854567 0.0 0.857167300702 0.0 0.777145961457 0.0 0.707106781187 0.0 0.642787609687 0.0 0.587785252292 0.0 0.529919264233 0.0 0.484809620246 0.0 0.45399049974 0.0 0.406736643076 0.0 0.390731128489 0.0 0.358367949545 0.0 0.342020143326 0.0
 -0.939692620786 0.0 -0.933580426497 0.0 -0.920504853452 0.0 -0.913545457643 0.0 -0.891006524188 0.0 -0.874619707139 0.0 -0.848048096156 0.0 -0.809016994375 0.0 -0.766044443119 0.0 -0.707106781187 0.0 -0.62932039105 0.0 -0.51503807491 0.0 -0.374606593416 0.0 -0.190808995377 0.0 -2.44929359829e-16 0.0 0.190808995377 0.0 0.374606593416 0.0 0.51503807491 0.0 0.62932039105 0.0 0.707106781187 0.0 0.766044443119 0.0 0.809016994375 0.0 0.848048096156 0.0 0.874619707139 0.0 0.891006524188 0.0 0.913545457643 0.0 0.920504853452 0.0 0.933580426497 0.0 0.939692620786 0.0
 0.390731128489 0.0 0.422618261741 0.0 0.45399049974 0.0 0.484809620246 0.0 0.51503807491 0.0 0.559192903471 0.0 0.601815023152 0.0 0.656059028991 0.0 0.707106781187 0.0 0.766044443119 0.0 0.829037572555 0.0 0.891006524188 0.0 0.951056516295 0.0 0.987688340595 0.0 1.0 0.0 0.987688340595 0.0 0.951056516295 0.0 0.891006524188 0.0 0.829037572555 0.0 0.766044443119 0.0 0.707106781187 0.0 0.656059028991 0.0 0.601815023152 0.0 0.559192903471 0.0 0.51503807491 0.0 0.484809620246 0.0 0.45399049974 0.0 0.422618261741 0.0 0.390731128489 0.0
 -0.920504853452 0.0 -0.906307787037 0.0 -0.891006524188 0.0 -0.874619707139 0.0 -0.857167300702 0.0 -0.829037572555 0.0 -0.798635510047 0.0 -0.754709580223 0.0 -0.707106781187 0.0 -0.642787609687 0.0 -0.559192903471 0.0 -0.45399049974 0.0 -0.309016994375 0.0 -0.15643446504 0.0 -2.44929359829e-16 0.0 0.15643446504 0.0 0.309016994375 0.0 0.45399049974 0.0 0.559192903471 0.0 0.642787609687 0.0 0.707106781187 0.0 0.754709580223 0.0 0.798635510047 0.0 0.829037572555 0.0 0.857167300702 0.0 0.874619707139 0.0 0.891006524188 0.0 0.906307787037 0.0 0.920504853452 0.0
 0.45399049974 0.0 0.469471562786 0.0 0.5 0.0 0.529919264233 0.0 0.573576436351 0.0 0.615661475326 0.0 0.656059028991 0.0 0.707106781187 0.0 0.754709580223 0.0 0.809016994375 0.0 0.866025403784 0.0 0.920504853452 0.0 0.961261695938 0.0 0.990268068742 0.0 1.0 0.0 0.990268068742 0.0 0.961261695938 0.0 0.920504853452 0.0 0.866025403784 0.0 0.809016994375 0.0 0.754709580223 0.0 0.707106781187 0.0 0.656059028991 0.0 0.615661475326 0.0 0.573576436351 0.0 0.529919264233 0.0 0.5 0.0 0.469471562786 0.0 0.45399049974 0.0
 -0.891006524188 0.0 -0.882947592859 0.0 -0.866025403784 0.0 -0.848048096156 0.0 -0.819152044289 0.0 -0.788010753607 0.0 -0.754709580223 0.0 -0.707106781187 0.0 -0.656059028991 0.0 -0.587785252292 0.0 -0.5 0.0 -0.390731128489 0.0 -0.275637355817 0.0 -0.13917310096 0.0 -2.44929359829e-16 0.0 0.13917310096 0.0 0.275637355817 0.0 0.390731128489 0.0 0.5 0.0 0.587785252292 0.0 0.656059028991 0.0 0.707106781187 0.0 0.754709580223 0.0 0.788010753607 0.0 0.819152044289 0.0 0.848048096156 0.0 0.866025403784 0.0 0.882947592859 0.0 0.891006524188 0.0
 0.5 0.0 0.529919264233 0.0 0.559192903471 0.0 0.587785252292 0.0 0.62932039105 0.0 0.669130606359 0.0 0.707106781187 0.0 0.754709580223 0.0 0.798635510047 0.0 0.848048096156 0.0 0.891006524188 0.0 0.933580426497 0.0 0.970295726276 0.0 0.992546151641 0.0 1.0 0.0 0.992546151641 0.0 0.970295726276 0.0 0.933580426497 0.0 0.891006524188 0.0 0.848048096156 0.0 0.798635510047 0.0 0.754709580223 0.0 0.707106781187 0.0 0.669130606359 0.0 0.62932039105 0.0 0.587785252292 0.0 0.559192903471 0.0 0.529919264233 0.0 0.5 0.0
 -0.866025403784 0.0 -0.848048096156 0.0 -0.829037572555 0.0 -0.809016994375 0.0 -0.777145961457 0.0 -0.743144825477 0.0 -0.707106781187 0.0 -0.656059028991 0.0 -0.601815023152 0.0 -0.529919264233 0.0 -0.45399049974 0.0 -0.358367949545 0.0 -0.2419218956 0.0 -0.121869343405 0.0 -2.44929359829e-16 0.0 0.121869343405 0.0 0.2419218956 0.0 0.358367949545 0.0 0.45399049974 0.0 0.529919264233 0.0 0.601815023152 0.0 0.656059028991 0.0 0.707106781187 0.0 0.743144825477 0.0 0.777145961457 0.0 0.809016994375 0.0 0.829037572555 0.0 0.848048096156 0.0 0.866025403784 0.0
 1 0 0.573576436351 0.0 0.601815023152 0.0 0.62932039105 0.0 0.669130606359 0.0 0.707106781187 0.0 0.743144825477 0.0 0.788010753607 0.0 0.829037572555 0.0 0.874619707139 0.0 0.913545457643 0.0 0.951056516295 0.0 0.974370064785 0.0 0.994521895368 0.0 1.0 0.0 0.994521895368 0.0 0.974370064785 0.0 0.951056516295 0.0 0.913545457643 0.0 0.874619707139 0.0 0.829037572555 0.0 0.788010753607 0.0 0.743144825477 0.0 0.707106781187 0.0 0.669130606359 0.0 0.62932039105 0.0 0.601815023152 0.0 0.573576436351 0.0 1 0
 0 1 -0.819152044289 0.0 -0.798635510047 0.0 -0.777145961457 0.0 -0.743144825477 0.0 -0.707106781187 0.0 -0.669130606359 0.0 -0.615661475326 0.0 -0.559192903471 0.0 -0.484809620246 0.0 -0.406736643076 0.0 -0.309016994375 0.0 -0.224951054344 0.0 -0.104528463268 0.0 -2.44929359829e-16 0.0 0.104528463268 0.0 0.224951054344 0.0 0.309016994375 0.0 0.406736643076 0.0 0.484809620246 0.0 0.559192903471 0.0 0.615661475326 0.0 0.669130606359 0.0 0.707106781187 0.0 0.743144825477 0.0 0.777145961457 0.0 0.798635510047 0.0 0.819152044289 0.0 0 1
 1 0 0.615661475326 0.0 0.642787609687 0.0 0.669130606359 0.0 0.707106781187 0.0 0.743144825477 0.0 0.777145961457 0.0 0.819152044289 0.0 0.857167300702 0.0 0.891006524188 0.0 0.927183854567 0.0 0.956304755963 0.0 0.981627183448 0.0 0.994521895368 0.0 1.0 0.0 0.994521895368 0.0 0.981627183448 0.0 0.956304755963 0.0 0.927183854567 0.0 0.891006524188 0.0 0.857167300702 0.0 0.819152044289 0.0 0.777145961457 0.0 0.743144825477 0.0 0.707106781187 0.0 0.669130606359 0.0 0.642787609687 0.0 0.615661475326 0.0 1 0
 0 1 -0.788010753607 0.0 -0.766044443119 0.0 -0.743144825477 0.0 -0.707106781187 0.0 -0.669130606359 0.0 -0.62932039105 0.0 -0.573576436351 0.0 -0.51503807491 0.0 -0.45399049974 0.0 -0.374606593416 0.0 -0.292371704723 0.0 -0.190808995377 0.0 -0.104528463268 0.0 -2.44929359829e-16 0.0 0.104528463268 0.0 0.190808995377 0.0 0.292371704723 0.0 0.374606593416 0.0 0.45399049974 0.0 0.51503807491 0.0 0.573576436351 0.0 0.62932039105 0.0 0.669130606359 0.0 0.707106781187 0.0 0.743144825477 0.0 0.766044443119 0.0 0.788010753607 0.0 0 1
 1 0 1 0 0.681998360062 0.0 0.707106781187 0.0 0.743144825477 0.0 0.777145961457 0.0 0.809016994375 0.0 0.848048096156 0.0 0.874619707139 0.0 0.913545457643 0.0 0.939692620786 0.0 0.965925826289 0.0 0.984807753012 0.0 0.996194698092 0.0 1.0 0.0 0.996194698092 0.0 0.984807753012 0.0 0.965925826289 0.0 0.939692620786 0.0 0.913545457643 0.0 0.874619707139 0.0 0.848048096156 0.0 0.809016994375 0.0 0.777145961457 0.0 0.743144825477 0.0 0.707106781187 0.0 0.681998360062 0.0 1 0 1 0
 0 1 0 1 -0.731353701619 0.0 -0.707106781187 0.0 -0.669130606359 0.0 -0.62932039105 0.0 -0.587785252292 0.0 -0.529919264233 0.0 -0.484809620246 0.0 -0.406736643076 0.0 -0.342020143326 0.0 -0.258819045103 0.0 -0.173648177667 0.0 -0.0871557427477 0.0 -2.44929359829e-16 0.0 0.0871557427477 0.0 0.173648177667 0.0 0.258819045103 0.0 0.342020143326 0.0 0.406736643076 0.0 0.484809620246 0.0 0.529919264233 0.0 0.587785252292 0.0 0.62932039105 0.0 0.669130606359 0.0 0.707106781187 0.0 0.731353701619 0.0 0 1 0 1
 1 0 1 0 1 0 0.731353701619 0.0 0.766044443119 0.0 0.798635510047 0.0 0.829037572555 0.0 0.866025403784 0.0 0.891006524188 0.0 0.920504853452 0.0 0.951056516295 0.0 0.970295726276 0.0 0.987688340595 0.0 0.996194698092 0.0 1.0 0.0 0.996194698092 0.0 0.987688340595 0.0 0.970295726276 0.0 0.951056516295 0.0 0.920504853452 0.0 0.891006524188 0.0 0.866025403784 0.0 0.829037572555 0.0 0.798635510047 0.0 0.766044443119 0.0 0.731353701619 0.0 1 0 1 0 1 0
 0 1 0 1 0 1 -0.681998360062 0.0 -0.642787609687 0.0 -0.601815023152 0.0 -0.559192903471 0.0 -0.5 0.0 -0.45399049974 0.0 -0.390731128489 0.0 -0.309016994375 0.0 -0.2419218956 0.0 -0.15643446504 0.0 -0.0871557427477 0.0 -2.44929359829e-16 0.0 0.0871557427477 0.0 0.15643446504 0.0 0.2419218956 0.0 0.309016994375 0.0 0.390731128489 0.0 0.45399049974 0.0 0.5 0.0 0.559192903471 0.0 0.601815023152 0.0 0.642787609687 0.0 0.681998360062 0.0 0 1 0 1 0 1
 1 0 1 0 1 0 1 0 0.788010753607 0.0 0.819152044289 0.0 0.848048096156 0.0 0.882947592859 0.0 0.906307787037 0.0 0.933580426497 0.0 0.956304755963 0.0 0.974370064785 0.0 0.987688340595 0.0 0.99756405026 0.0 1.0 0.0 0.99756405026 0.0 0.987688340595 0.0 0.974370064785 0.0 0.956304755963 0.0 0.933580426497 0.0 0.906307787037 0.0 0.882947592859 0.0 0.848048096156 0.0 0.819152044289 0.0 0.788010753607 0.0 1 0 1 0 1 0 1 0
 0 1 0 1 0 1 0 1 -0.615661475326 0.0 -0.573576436351 0.0 -0.529919264233 0.0 -0.469471562786 0.0 -0.422618261741 0.0 -0.358367949545 0.0 -0.292371704723 0.0 -0.224951054344 0.0 -0.15643446504 0.0 -0.0697564737441 0.0 -2.44929359829e-16 0.0 0.0697564737441 0.0 0.15643446504 0.0 0.224951054344 0.0 0.292371704723 0.0 0.358367949545 0.0 0.422618261741 0.0 0.469471562786 0.0 0.529919264233 0.0 0.573576436351 0.0 0.615661475326 0.0 0 1 0 1 0 1 0 1
 1 0 1 0 1 0 1 0 1 0 1 0 0.866025403784 0.0 0.891006524188 0.0 0.920504853452 0.0 0.939692620786 0.0 0.961261695938 0.0 0.978147600734 0.0 0.990268068742 0.0 0.99756405026 0.0 1.0 0.0 0.99756405026 0.0 0.990268068742 0.0 0.978147600734 0.0 0.961261695938 0.0 0.939692620786 0.0 0.920504853452 0.0 0.891006524188 0.0 0.866025403784 0.0 1 0 1 0 1 0 1 0 1 0 1 0
 0 1 0 1 0 1 0 1 0 1 0 1 -0.5 0.0 -0.45399049974 0.0 -0.390731128489 0.0 -0.342020143326 0.0 -0.275637355817 0.0 -0.207911690818 0.0 -0.13917310096 0.0 -0.0697564737441 0.0 -2.44929359829e-16 0.0 0.0697564737441 0.0 0.13917310096 0.0 0.207911690818 0.0 0.275637355817 0.0 0.342020143326 0.0 0.390731128489 0.0 0.45399049974 0.0 0.5 0.0 0 1 0 1 0 1 0 1 0 1 0 1
