 -1.91909925997 0.140769765571 -1.96087208179 0.0984189637615 -1.99128055151 0.0466380780367 -1.99917285603 -0.0143785684618 -1.96556250608 -0.0923864284883 -1.89500296393 -0.159875687392 -1.75516512378 -0.239712769302 -1.58355877326 -0.30540358663 -1.37295995021 -0.36357435408 -1.1285542966 -0.412792714297 -0.918915115792 -0.444099862782 -0.728196897864 -0.465680233499 -0.563079062285 -0.479774814992
 -0.563079062285 -0.479774814992 -0.393675855046 -0.490218020448 -0.186552312147 -0.497820137878 0.0575142738471 -0.499793214009 0.369545713953 -0.491390626519 0.63950274957 -0.473750740982 0.958851077208 -0.438791280945 1.22161434652 -0.395889693315 1.45429741632 -0.343239987553 1.65117085719 -0.28213857415 1.77639945113 -0.229728778948 1.86272093399 -0.182049224466 1.91909925997 -0.140769765571
 -1.86272093399 0.182049224466 -1.91909925997 0.140769765571 -1.9674440225 0.0898484899409 -1.99831496437 0.0205202692188 -1.98655270049 -0.0578837024549 -1.9058752077 -0.151583247069 -1.75516512378 -0.239712769302 -1.53996038618 -0.319033894064 -1.26816882924 -0.386631916406 -1.01062533851 -0.431468164032 -0.760594952769 -0.462432111086 -0.563079062285 -0.479774814992 -0.393675855046 -0.490218020448
 -0.728196897864 -0.465680233499 -0.563079062285 -0.479774814992 -0.359393959764 -0.491861005626 -0.0820810768753 -0.499578741092 0.23153480982 -0.496638175124 0.606332988277 -0.476468801925 0.958851077208 -0.438791280945 1.27613557625 -0.384990096546 1.54652766562 -0.317042207311 1.72587265613 -0.252656334627 1.84972844435 -0.190148738192 1.91909925997 -0.140769765571 1.96087208179 -0.0984189637615
 -1.77639945113 0.229728778948 -1.84972844435 0.190148738192 -1.91909925997 0.140769765571 -1.97878817708 0.0726280551245 -1.99917285603 -0.0143785684618 -1.93499628871 -0.126439057129 -1.75516512378 -0.239712769302 -1.47106214832 -0.338745494046 -1.1285542966 -0.412792714297 -0.824686210618 -0.455514314677 -0.563079062285 -0.479774814992 -0.359393959764 -0.491861005626 -0.186552312147 -0.497820137878
 -0.918915115792 -0.444099862782 -0.760594952769 -0.462432111086 -0.563079062285 -0.479774814992 -0.290512220498 -0.494697044269 0.0575142738471 -0.499793214009 0.505756228515 -0.483749072177 0.958851077208 -0.438791280945 1.35498197619 -0.367765537079 1.65117085719 -0.28213857415 1.82205725871 -0.206171552655 1.91909925997 -0.140769765571 1.9674440225 -0.0898484899409 1.99128055151 -0.0466380780367
 -1.65117085719 0.28213857415 -1.72587265613 0.252656334627 -1.82205725871 0.206171552655 -1.91909925997 0.140769765571 -1.99128055151 0.0466380780367 -1.96556250608 -0.0923864284883 -1.75516512378 -0.239712769302 -1.37295995021 -0.36357435408 -0.918915115792 -0.444099862782 -0.563079062285 -0.479774814992 -0.290512220498 -0.494697044269 -0.0820810768753 -0.499578741092 0.0575142738471 -0.499793214009
 -1.1285542966 -0.412792714297 -1.01062533851 -0.431468164032 -0.824686210618 -0.455514314677 -0.563079062285 -0.479774814992 -0.186552312147 -0.497820137878 0.369545713953 -0.491390626519 0.958851077208 -0.438791280945 1.45429741632 -0.343239987553 1.77639945113 -0.229728778948 1.91909925997 -0.140769765571 1.97878817708 -0.0726280551245 1.99831496437 -0.0205202692188 1.99917285603 0.0143785684618
 -1.45429741632 0.343239987553 -1.54652766562 0.317042207311 -1.65117085719 0.28213857415 -1.77639945113 0.229728778948 -1.91909925997 0.140769765571 -1.99917285603 -0.0143785684618 -1.75516512378 -0.239712769302 -1.15719931721 -0.4078058469 -0.563079062285 -0.479774814992 -0.186552312147 -0.497820137878 0.0575142738471 -0.499793214009 0.23153480982 -0.496638175124 0.369545713953 -0.491390626519
 -1.37295995021 -0.36357435408 -1.26816882924 -0.386631916406 -1.1285542966 -0.412792714297 -0.918915115792 -0.444099862782 -0.563079062285 -0.479774814992 0.0575142738471 -0.499793214009 0.958851077208 -0.438791280945 1.6312233876 -0.289299829303 1.91909925997 -0.140769765571 1.99128055151 -0.0466380780367 1.99917285603 0.0143785684618 1.98655270049 0.0578837024549 1.96556250608 0.0923864284883
 -1.22161434652 0.395889693315 -1.27613557625 0.384990096546 -1.35498197619 0.367765537079 -1.47803737485 0.336842463043 -1.6312233876 0.289299829303 -1.91909925997 0.140769765571 -1.78755934462 -0.224253147897 -0.563079062285 -0.479774814992 0.0575142738471 -0.499793214009 0.369545713953 -0.491390626519 0.505756228515 -0.483749072177 0.606332988277 -0.476468801925 0.67247771213 -0.470888370973
 -1.58355877326 -0.30540358663 -1.53996038618 -0.319033894064 -1.47106214832 -0.338745494046 -1.34736985217 -0.369509343713 -1.15719931721 -0.4078058469 -0.563079062285 -0.479774814992 0.89701259159 -0.446889836154 1.91909925997 -0.140769765571 1.99917285603 0.0143785684618 1.96556250608 0.0923864284883 1.93499628871 0.126439057129 1.9058752077 0.151583247069 1.88355348389 0.168119428032
 -0.958851077208 0.438791280945 -0.958851077208 0.438791280945 -0.958851077208 0.438791280945 -0.958851077208 0.438791280945 -0.958851077208 0.438791280945 -0.958851077208 0.438791280945 1.0 0.0 0.98933689465 -0.43454088623 0.958851077208 -0.438791280945 0.958851077208 -0.438791280945 0.958851077208 -0.438791280945 0.958851077208 -0.438791280945 0.958851077208 -0.438791280945
 -1.75516512378 -0.239712769302 -1.75516512378 -0.239712769302 -1.75516512378 -0.239712769302 -1.75516512378 -0.239712769302 -1.75516512378 -0.239712769302 -1.75516512378 -0.239712769302 0.0 1.0 1.73816354492 0.247334223662 1.75516512378 0.239712769302 1.75516512378 0.239712769302 1.75516512378 0.239712769302 1.75516512378 0.239712769302 1.75516512378 0.239712769302
 -0.67247771213 0.470888370973 -0.606332988277 0.476468801925 -0.505756228515 0.483749072177 -0.335185634617 0.492928150846 -0.0575142738471 0.499793214009 0.529500402338 0.482158514127 1.73816354492 0.247334223662 1.90897988721 -0.149121550724 1.65117085719 -0.28213857415 1.45429741632 -0.343239987553 1.35498197619 -0.367765537079 1.27613557625 -0.384990096546 1.22161434652 -0.395889693315
 -1.88355348389 -0.168119428032 -1.9058752077 -0.151583247069 -1.93499628871 -0.126439057129 -1.97171260338 -0.0837964086543 -1.99917285603 -0.0143785684618 -1.92863405651 0.132375100585 -0.98933689465 0.43454088623 0.596486202895 0.477244971801 1.1285542966 0.412792714297 1.37295995021 0.36357435408 1.47106214832 0.338745494046 1.53996038618 0.319033894064 1.58355877326 0.30540358663
 -0.369545713953 0.491390626519 -0.23153480982 0.496638175124 -0.0923958913665 0.49946615246 0.186552312147 0.497820137878 0.563079062285 0.479774814992 1.1285542966 0.412792714297 1.75516512378 0.239712769302 1.99786460984 0.0230989728416 1.91909925997 -0.140769765571 1.77639945113 -0.229728778948 1.65117085719 -0.28213857415 1.54652766562 -0.317042207311 1.45429741632 -0.343239987553
 -1.96556250608 -0.0923864284883 -1.98655270049 -0.0578837024549 -1.99786460984 -0.0230989728416 -1.99128055151 0.0466380780367 -1.91909925997 0.140769765571 -1.65117085719 0.28213857415 -0.958851077208 0.438791280945 -0.0923958913665 0.49946615246 0.563079062285 0.479774814992 0.918915115792 0.444099862782 1.1285542966 0.412792714297 1.26816882924 0.386631916406 1.37295995021 0.36357435408
 -0.0575142738471 0.499793214009 0.0820810768753 0.499578741092 0.290512220498 0.494697044269 0.563079062285 0.479774814992 0.918915115792 0.444099862782 1.37295995021 0.36357435408 1.75516512378 0.239712769302 1.97171260338 0.0837964086543 1.99128055151 -0.0466380780367 1.91909925997 -0.140769765571 1.82205725871 -0.206171552655 1.72587265613 -0.252656334627 1.65117085719 -0.28213857415
 -1.99917285603 -0.0143785684618 -1.99831496437 0.0205202692188 -1.97878817708 0.0726280551245 -1.91909925997 0.140769765571 -1.77639945113 0.229728778948 -1.45429741632 0.343239987553 -0.958851077208 0.438791280945 -0.335185634617 0.492928150846 0.186552312147 0.497820137878 0.563079062285 0.479774814992 0.824686210618 0.455514314677 1.01062533851 0.431468164032 1.1285542966 0.412792714297
 0.186552312147 0.497820137878 0.359393959764 0.491861005626 0.563079062285 0.479774814992 0.824686210618 0.455514314677 1.15719931721 0.4078058469 1.47106214832 0.338745494046 1.75516512378 0.239712769302 1.93499628871 0.126439057129 1.99917285603 0.0143785684618 1.97878817708 -0.0726280551245 1.91909925997 -0.140769765571 1.84972844435 -0.190148738192 1.77639945113 -0.229728778948
 -1.99128055151 0.0466380780367 -1.9674440225 0.0898484899409 -1.91909925997 0.140769765571 -1.82205725871 0.206171552655 -1.6312233876 0.289299829303 -1.35498197619 0.367765537079 -0.958851077208 0.438791280945 -0.505756228515 0.483749072177 -0.0575142738471 0.499793214009 0.290512220498 0.494697044269 0.563079062285 0.479774814992 0.760594952769 0.462432111086 0.918915115792 0.444099862782
 0.393675855046 0.490218020448 0.563079062285 0.479774814992 0.760594952769 0.462432111086 1.01062533851 0.431468164032 1.26816882924 0.386631916406 1.53996038618 0.319033894064 1.75516512378 0.239712769302 1.9058752077 0.151583247069 1.98655270049 0.0578837024549 1.99831496437 -0.0205202692188 1.9674440225 -0.0898484899409 1.91909925997 -0.140769765571 1.86272093399 -0.182049224466
 -1.96087208179 0.0984189637615 -1.91909925997 0.140769765571 -1.84972844435 0.190148738192 -1.72587265613 0.252656334627 -1.54652766562 0.317042207311 -1.27613557625 0.384990096546 -0.958851077208 0.438791280945 -0.606332988277 0.476468801925 -0.23153480982 0.496638175124 0.0820810768753 0.499578741092 0.359393959764 0.491861005626 0.563079062285 0.479774814992 0.728196897864 0.465680233499
 0.563079062285 0.479774814992 0.728196897864 0.465680233499 0.918915115792 0.444099862782 1.1285542966 0.412792714297 1.37295995021 0.36357435408 1.58355877326 0.30540358663 1.75516512378 0.239712769302 1.88355348389 0.168119428032 1.96556250608 0.0923864284883 1.99917285603 0.0143785684618 1.99128055151 -0.0466380780367 1.96087208179 -0.0984189637615 1.91909925997 -0.140769765571
 -1.91909925997 0.140769765571 -1.86272093399 0.182049224466 -1.77639945113 0.229728778948 -1.65117085719 0.28213857415 -1.45429741632 0.343239987553 -1.22161434652 0.395889693315 -0.958851077208 0.438791280945 -0.67247771213 0.470888370973 -0.369545713953 0.491390626519 -0.0575142738471 0.499793214009 0.186552312147 0.497820137878 0.393675855046 0.490218020448 0.563079062285 0.479774814992