 1.41421356237 -0.353553390593 -1.94213998539 0.119397518074 -1.9985368047 -0.0191223695193 -1.87698688417 -0.172648529655 -1.57153969324 -0.30925949789 -1.11683642896 -0.414779790292 1.41421356237 0.353553390593
 1.41421356237 0.353553390593 -0.477590072298 -0.485534996347 0.0764894780774 -0.499634201175 0.69059411862 -0.469246721041 1.23703799156 -0.39288492331 1.65911916117 -0.27920910724 -1.41421356237 0.353553390593
 -1.60092255114 0.299692236434 -1.81763244048 0.20859834481 -1.98719534565 0.0564881946855 -1.87303515205 -0.175310317576 -1.37577126732 -0.362909546238 -0.864722732024 -0.450850210486 -0.481724602769 -0.485279649216
 -1.19876894573 -0.400230637785 -0.834393379239 -0.45440811012 -0.225952778742 -0.496798836413 0.701241270302 -0.468258788013 1.45163818495 -0.34394281683 1.80340084194 -0.216180683006 1.94111859686 -0.120431150692
 -1.23592219482 0.393104337959 -1.45066129136 0.344200324826 -1.82234115698 0.206014669925 -1.89273841765 -0.161543585903 -0.854468356241 -0.452070502534 -0.224542202668 -0.496838806809 0.0430020723565 -0.499884413
 -1.57241735184 -0.308980548705 -1.3768012993 -0.362665322839 -0.824058679699 -0.455585289244 0.646174343612 -0.473184604413 1.80828201014 -0.21361708906 1.98735522724 -0.0561355506671 1.999537652 0.0107505180891
 -0.694589428472 0.468878017576 -0.699911605857 0.468383106014 -0.67778817328 0.470412265476 1.0 0.0 0.707884279626 -0.467633660482 0.669768438228 -0.471129642399 0.691926237402 -0.46912405622
 -1.8755120703 -0.173647357118 -1.87353242406 -0.174977901464 -1.8816490619 -0.16944704332 0.0 1.0 1.87053464193 0.176971069907 1.8845185696 0.167442109557 1.87649622488 0.17298155935
 -0.0458405878546 0.499868647778 0.227363240976 0.496758615719 0.825351977106 0.455438944446 1.87003171165 0.177302953556 1.79371545573 -0.221159566811 1.44870531203 -0.34471482044 1.23815316506 -0.392665310718
 -1.99947459111 -0.0114601469636 -1.98703446287 0.056840810244 -1.82175577778 0.206337994276 -0.709211814225 0.467507927912 0.884638267245 0.448428863933 1.37885928176 0.362176328008 1.57066124287 0.309538291264
 0.478968490668 0.485450125203 0.835683331776 0.454259931715 1.37783063762 0.362420916721 1.88404269057 0.167776477069 1.98687257899 -0.0571933971649 1.81644609778 -0.209243215819 1.61994588386 -0.293233624156
 -1.94180050081 0.119742122667 -1.81703972686 0.208920832944 -1.44968366688 0.344457659405 -0.671105908276 0.471010672642 0.228773588659 0.496718144747 0.836972863278 0.454111524445 1.17293449662 0.404986470964
 1.41421356237 0.353553390593 1.17178435712 0.405194507336 1.56978200117 0.309816928687 1.87600462018 0.173314501894 1.99950662525 0.0111053353239 1.94146003791 -0.120086666931 1.41421356237 -0.353553390593
 -1.41421356237 0.353553390593 -1.62077802934 0.292946089281 -1.23926771475 0.392445500292 -0.693258007576 0.469001155045 -0.0444213412958 0.499876656314 0.480346667723 0.485365009478 1.41421356237 0.353553390593