 -1.41421356237 -0.353553390593 -1.10940039245 -0.416025147169 -0.632455532034 -0.474341649025 1.22464679915e-16 -0.5 0.632455532034 -0.474341649025 1.10940039245 -0.416025147169 1.41421356237 -0.353553390593
 1.41421356237 -0.353553390593 1.66410058868 -0.277350098113 1.8973665961 -0.158113883008 2.0 3.06161699787e-17 1.8973665961 0.158113883008 1.66410058868 0.277350098113 1.41421356237 0.353553390593
 -1.66410058868 -0.277350098113 -1.41421356237 -0.353553390593 -0.894427191 -0.4472135955 1.22464679915e-16 -0.5 0.894427191 -0.4472135955 1.41421356237 -0.353553390593 1.66410058868 -0.277350098113
 1.10940039245 -0.416025147169 1.41421356237 -0.353553390593 1.788854382 -0.22360679775 2.0 3.06161699787e-17 1.788854382 0.22360679775 1.41421356237 0.353553390593 1.10940039245 0.416025147169
 -1.8973665961 -0.158113883008 -1.788854382 -0.22360679775 -1.41421356237 -0.353553390593 1.22464679915e-16 -0.5 1.41421356237 -0.353553390593 1.788854382 -0.22360679775 1.8973665961 -0.158113883008
 0.632455532034 -0.474341649025 0.894427191 -0.4472135955 1.41421356237 -0.353553390593 2.0 3.06161699787e-17 1.41421356237 0.353553390593 0.894427191 0.4472135955 0.632455532034 0.474341649025
 -2.0 -6.12323399574e-17 -2.0 -6.12323399574e-17 -2.0 -6.12323399574e-17 1.0 0.0 2.0 0.0 2.0 0.0 2.0 0.0
 2.44929359829e-16 -0.5 2.44929359829e-16 -0.5 2.44929359829e-16 -0.5 0.0 1.0 0.0 0.5 0.0 0.5 0.0 0.5
 -1.8973665961 0.158113883008 -1.788854382 0.22360679775 -1.41421356237 0.353553390593 1.22464679915e-16 0.5 1.41421356237 0.353553390593 1.788854382 0.22360679775 1.8973665961 0.158113883008
 -0.632455532034 -0.474341649025 -0.894427191 -0.4472135955 -1.41421356237 -0.353553390593 -2.0 3.06161699787e-17 -1.41421356237 0.353553390593 -0.894427191 0.4472135955 -0.632455532034 0.474341649025
 -1.66410058868 0.277350098113 -1.41421356237 0.353553390593 -0.894427191 0.4472135955 1.22464679915e-16 0.5 0.894427191 0.4472135955 1.41421356237 0.353553390593 1.66410058868 0.277350098113
 -1.10940039245 -0.416025147169 -1.41421356237 -0.353553390593 -1.788854382 -0.22360679775 -2.0 3.06161699787e-17 -1.788854382 0.22360679775 -1.41421356237 0.353553390593 -1.10940039245 0.416025147169
 -1.41421356237 0.353553390593 -1.10940039245 0.416025147169 -0.632455532034 0.474341649025 1.22464679915e-16 0.5 0.632455532034 0.474341649025 1.10940039245 0.416025147169 1.41421356237 0.353553390593
 -1.41421356237 -0.353553390593 -1.66410058868 -0.277350098113 -1.8973665961 -0.158113883008 -2.0 3.06161699787e-17 -1.8973665961 0.158113883008 -1.66410058868 0.277350098113 -1.41421356237 0.353553390593