-1.41421356237 0.353553390593
-1.41421356237 -0.353553390593
-1.53208888624 0.321393804843
-1.28557521937 -0.383022221559
-1.65807514511 0.279596451735
-1.11838580694 -0.414518786278
-1.78201304838 0.22699524987
-0.907980999479 -0.445503262094
-1.90211303259 0.154508497187
-0.61803398875 -0.475528258148
-1.97537668119 0.0782172325201
-0.31286893008 -0.493844170298
-2.0 -6.12323399574e-17
2.44929359829e-16 -0.5
-1.97537668119 -0.0782172325201
0.31286893008 -0.493844170298
-1.90211303259 -0.154508497187
0.61803398875 -0.475528258148
-1.78201304838 -0.22699524987
0.907980999479 -0.445503262094
-1.65807514511 -0.279596451735
1.11838580694 -0.414518786278
-1.53208888624 -0.321393804843
1.28557521937 -0.383022221559
-1.41421356237 -0.353553390593
1.41421356237 -0.353553390593
-1.28557521937 0.383022221559
-1.53208888624 -0.321393804843
-1.41421356237 0.353553390593
-1.41421356237 -0.353553390593
-1.55429192291 0.314660195525
-1.2586407821 -0.388572980728
-1.7143346014 0.257519037455
-1.03007614982 -0.428583650351
-1.85436770913 0.187303296708
-0.749213186832 -0.463591927283
-1.9632543669 0.0954044976883
-0.381617990753 -0.490813591724
-2.0 -6.12323399574e-17
2.44929359829e-16 -0.5
-1.9632543669 -0.0954044976883
0.381617990753 -0.490813591724
-1.85436770913 -0.187303296708
0.749213186832 -0.463591927283
-1.7143346014 -0.257519037455
1.03007614982 -0.428583650351
-1.55429192291 -0.314660195525
1.2586407821 -0.388572980728
-1.41421356237 -0.353553390593
1.41421356237 -0.353553390593
-1.28557521937 -0.383022221559
1.53208888624 -0.321393804843
-1.11838580694 0.414518786278
-1.65807514511 -0.279596451735
-1.2586407821 0.388572980728
-1.55429192291 -0.314660195525
-1.41421356237 0.353553390593
-1.41421356237 -0.353553390593
-1.59727102009 0.300907511576
-1.2036300463 -0.399317755024
-1.78201304838 0.22699524987
-0.907980999479 -0.445503262094
-1.94059145255 0.1209609478
-0.483843791199 -0.485147863138
-2.0 -6.12323399574e-17
2.44929359829e-16 -0.5
-1.94059145255 -0.1209609478
0.483843791199 -0.485147863138
-1.78201304838 -0.22699524987
0.907980999479 -0.445503262094
-1.59727102009 -0.300907511576
1.2036300463 -0.399317755024
-1.41421356237 -0.353553390593
1.41421356237 -0.353553390593
-1.2586407821 -0.388572980728
1.55429192291 -0.314660195525
-1.11838580694 -0.414518786278
1.65807514511 -0.279596451735
-0.907980999479 0.445503262094
-1.78201304838 -0.22699524987
-1.03007614982 0.428583650351
-1.7143346014 -0.257519037455
-1.2036300463 0.399317755024
-1.59727102009 -0.300907511576
-1.41421356237 0.353553390593
-1.41421356237 -0.353553390593
-1.65807514511 0.279596451735
-1.11838580694 -0.414518786278
-1.90211303259 0.154508497187
-0.61803398875 -0.475528258148
-2.0 -6.12323399574e-17
2.44929359829e-16 -0.5
-1.90211303259 -0.154508497187
0.61803398875 -0.475528258148
-1.65807514511 -0.279596451735
1.11838580694 -0.414518786278
-1.41421356237 -0.353553390593
1.41421356237 -0.353553390593
-1.2036300463 -0.399317755024
1.59727102009 -0.300907511576
-1.03007614982 -0.428583650351
1.7143346014 -0.257519037455
-0.907980999479 -0.445503262094
1.78201304838 -0.22699524987
-0.61803398875 0.475528258148
-1.90211303259 -0.154508497187
-0.749213186832 0.463591927283
-1.85436770913 -0.187303296708
-0.907980999479 0.445503262094
-1.78201304838 -0.22699524987
-1.11838580694 0.414518786278
-1.65807514511 -0.279596451735
-1.41421356237 0.353553390593
-1.41421356237 -0.353553390593
-1.78201304838 0.22699524987
-0.907980999479 -0.445503262094
-2.0 -6.12323399574e-17
2.44929359829e-16 -0.5
-1.78201304838 -0.22699524987
0.907980999479 -0.445503262094
-1.41421356237 -0.353553390593
1.41421356237 -0.353553390593
-1.11838580694 -0.414518786278
1.65807514511 -0.279596451735
-0.907980999479 -0.445503262094
1.78201304838 -0.22699524987
-0.749213186832 -0.463591927283
1.85436770913 -0.187303296708
-0.61803398875 -0.475528258148
1.90211303259 -0.154508497187
-0.31286893008 0.493844170298
-1.97537668119 -0.0782172325201
-0.381617990753 0.490813591724
-1.9632543669 -0.0954044976883
-0.483843791199 0.485147863138
-1.94059145255 -0.1209609478
-0.61803398875 0.475528258148
-1.90211303259 -0.154508497187
-0.907980999479 0.445503262094
-1.78201304838 -0.22699524987
-1.41421356237 0.353553390593
-1.41421356237 -0.353553390593
-2.0 -6.12323399574e-17
2.44929359829e-16 -0.5
-1.41421356237 -0.353553390593
1.41421356237 -0.353553390593
-0.907980999479 -0.445503262094
1.78201304838 -0.22699524987
-0.61803398875 -0.475528258148
1.90211303259 -0.154508497187
-0.483843791199 -0.485147863138
1.94059145255 -0.1209609478
-0.381617990753 -0.490813591724
1.9632543669 -0.0954044976883
-0.31286893008 -0.493844170298
1.97537668119 -0.0782172325201
-3.67394039744e-16 0.5
-2.0 -9.18485099361e-17
-3.67394039744e-16 0.5
-2.0 -9.18485099361e-17
-3.67394039744e-16 0.5
-2.0 -9.18485099361e-17
-3.67394039744e-16 0.5
-2.0 -9.18485099361e-17
-3.67394039744e-16 0.5
-2.0 -9.18485099361e-17
-3.67394039744e-16 0.5
-2.0 -9.18485099361e-17
6.12323399574e-17 -1.0
1.0 6.12323399574e-17
1.22464679915e-16 -0.5
2.0 3.06161699787e-17
1.22464679915e-16 -0.5
2.0 3.06161699787e-17
1.22464679915e-16 -0.5
2.0 3.06161699787e-17
1.22464679915e-16 -0.5
2.0 3.06161699787e-17
1.22464679915e-16 -0.5
2.0 3.06161699787e-17
1.22464679915e-16 -0.5
2.0 3.06161699787e-17
0.31286893008 0.493844170298
-1.97537668119 0.0782172325201
0.381617990753 0.490813591724
-1.9632543669 0.0954044976883
0.483843791199 0.485147863138
-1.94059145255 0.1209609478
0.61803398875 0.475528258148
-1.90211303259 0.154508497187
0.907980999479 0.445503262094
-1.78201304838 0.22699524987
1.41421356237 0.353553390593
-1.41421356237 0.353553390593
2.0 1.22464679915e-16
-4.89858719659e-16 0.5
1.41421356237 -0.353553390593
1.41421356237 0.353553390593
0.907980999479 -0.445503262094
1.78201304838 0.22699524987
0.61803398875 -0.475528258148
1.90211303259 0.154508497187
0.483843791199 -0.485147863138
1.94059145255 0.1209609478
0.381617990753 -0.490813591724
1.9632543669 0.0954044976883
0.31286893008 -0.493844170298
1.97537668119 0.0782172325201
0.61803398875 0.475528258148
-1.90211303259 0.154508497187
0.749213186832 0.463591927283
-1.85436770913 0.187303296708
0.907980999479 0.445503262094
-1.78201304838 0.22699524987
1.11838580694 0.414518786278
-1.65807514511 0.279596451735
1.41421356237 0.353553390593
-1.41421356237 0.353553390593
1.78201304838 0.22699524987
-0.907980999479 0.445503262094
2.0 1.22464679915e-16
-4.89858719659e-16 0.5
1.78201304838 -0.22699524987
0.907980999479 0.445503262094
1.41421356237 -0.353553390593
1.41421356237 0.353553390593
1.11838580694 -0.414518786278
1.65807514511 0.279596451735
0.907980999479 -0.445503262094
1.78201304838 0.22699524987
0.749213186832 -0.463591927283
1.85436770913 0.187303296708
0.61803398875 -0.475528258148
1.90211303259 0.154508497187
0.907980999479 0.445503262094
-1.78201304838 0.22699524987
1.03007614982 0.428583650351
-1.7143346014 0.257519037455
1.2036300463 0.399317755024
-1.59727102009 0.300907511576
1.41421356237 0.353553390593
-1.41421356237 0.353553390593
1.65807514511 0.279596451735
-1.11838580694 0.414518786278
1.90211303259 0.154508497187
-0.61803398875 0.475528258148
2.0 1.22464679915e-16
-4.89858719659e-16 0.5
1.90211303259 -0.154508497187
0.61803398875 0.475528258148
1.65807514511 -0.279596451735
1.11838580694 0.414518786278
1.41421356237 -0.353553390593
1.41421356237 0.353553390593
1.2036300463 -0.399317755024
1.59727102009 0.300907511576
1.03007614982 -0.428583650351
1.7143346014 0.257519037455
0.907980999479 -0.445503262094
1.78201304838 0.22699524987
1.11838580694 0.414518786278
-1.65807514511 0.279596451735
1.2586407821 0.388572980728
-1.55429192291 0.314660195525
1.41421356237 0.353553390593
-1.41421356237 0.353553390593
1.59727102009 0.300907511576
-1.2036300463 0.399317755024
1.78201304838 0.22699524987
-0.907980999479 0.445503262094
1.94059145255 0.1209609478
-0.483843791199 0.485147863138
2.0 1.22464679915e-16
-4.89858719659e-16 0.5
1.94059145255 -0.1209609478
0.483843791199 0.485147863138
1.78201304838 -0.22699524987
0.907980999479 0.445503262094
1.59727102009 -0.300907511576
1.2036300463 0.399317755024
1.41421356237 -0.353553390593
1.41421356237 0.353553390593
1.2586407821 -0.388572980728
1.55429192291 0.314660195525
1.11838580694 -0.414518786278
1.65807514511 0.279596451735
1.28557521937 0.383022221559
-1.53208888624 0.321393804843
1.41421356237 0.353553390593
-1.41421356237 0.353553390593
1.55429192291 0.314660195525
-1.2586407821 0.388572980728
1.7143346014 0.257519037455
-1.03007614982 0.428583650351
1.85436770913 0.187303296708
-0.749213186832 0.463591927283
1.9632543669 0.0954044976883
-0.381617990753 0.490813591724
2.0 1.22464679915e-16
-4.89858719659e-16 0.5
1.9632543669 -0.0954044976883
0.381617990753 0.490813591724
1.85436770913 -0.187303296708
0.749213186832 0.463591927283
1.7143346014 -0.257519037455
1.03007614982 0.428583650351
1.55429192291 -0.314660195525
1.2586407821 0.388572980728
1.41421356237 -0.353553390593
1.41421356237 0.353553390593
1.28557521937 -0.383022221559
1.53208888624 0.321393804843
1.41421356237 0.353553390593
-1.41421356237 0.353553390593
1.53208888624 0.321393804843
-1.28557521937 0.383022221559
1.65807514511 0.279596451735
-1.11838580694 0.414518786278
1.78201304838 0.22699524987
-0.907980999479 0.445503262094
1.90211303259 0.154508497187
-0.61803398875 0.475528258148
1.97537668119 0.0782172325201
-0.31286893008 0.493844170298
2.0 1.22464679915e-16
-4.89858719659e-16 0.5
1.97537668119 -0.0782172325201
0.31286893008 0.493844170298
1.90211303259 -0.154508497187
0.61803398875 0.475528258148
1.78201304838 -0.22699524987
0.907980999479 0.445503262094
1.65807514511 -0.279596451735
1.11838580694 0.414518786278
1.53208888624 -0.321393804843
1.28557521937 0.383022221559
1.41421356237 -0.353553390593
1.41421356237 0.353553390593

 -1.41421356237 0.353553390593 -1.53208888624 0.321393804843 -1.65807514511 0.279596451735 -1.78201304838 0.22699524987 -1.90211303259 0.154508497187 -1.97537668119 0.0782172325201 -2.0 -6.12323399574e-17 -1.97537668119 -0.0782172325201 -1.90211303259 -0.154508497187 -1.78201304838 -0.22699524987 -1.65807514511 -0.279596451735 -1.53208888624 -0.321393804843 -1.41421356237 -0.353553390593
 -1.41421356237 -0.353553390593 -1.28557521937 -0.383022221559 -1.11838580694 -0.414518786278 -0.907980999479 -0.445503262094 -0.61803398875 -0.475528258148 -0.31286893008 -0.493844170298 2.44929359829e-16 -0.5 0.31286893008 -0.493844170298 0.61803398875 -0.475528258148 0.907980999479 -0.445503262094 1.11838580694 -0.414518786278 1.28557521937 -0.383022221559 1.41421356237 -0.353553390593
 -1.28557521937 0.383022221559 -1.41421356237 0.353553390593 -1.55429192291 0.314660195525 -1.7143346014 0.257519037455 -1.85436770913 0.187303296708 -1.9632543669 0.0954044976883 -2.0 -6.12323399574e-17 -1.9632543669 -0.0954044976883 -1.85436770913 -0.187303296708 -1.7143346014 -0.257519037455 -1.55429192291 -0.314660195525 -1.41421356237 -0.353553390593 -1.28557521937 -0.383022221559
 -1.53208888624 -0.321393804843 -1.41421356237 -0.353553390593 -1.2586407821 -0.388572980728 -1.03007614982 -0.428583650351 -0.749213186832 -0.463591927283 -0.381617990753 -0.490813591724 2.44929359829e-16 -0.5 0.381617990753 -0.490813591724 0.749213186832 -0.463591927283 1.03007614982 -0.428583650351 1.2586407821 -0.388572980728 1.41421356237 -0.353553390593 1.53208888624 -0.321393804843
 -1.11838580694 0.414518786278 -1.2586407821 0.388572980728 -1.41421356237 0.353553390593 -1.59727102009 0.300907511576 -1.78201304838 0.22699524987 -1.94059145255 0.1209609478 -2.0 -6.12323399574e-17 -1.94059145255 -0.1209609478 -1.78201304838 -0.22699524987 -1.59727102009 -0.300907511576 -1.41421356237 -0.353553390593 -1.2586407821 -0.388572980728 -1.11838580694 -0.414518786278
 -1.65807514511 -0.279596451735 -1.55429192291 -0.314660195525 -1.41421356237 -0.353553390593 -1.2036300463 -0.399317755024 -0.907980999479 -0.445503262094 -0.483843791199 -0.485147863138 2.44929359829e-16 -0.5 0.483843791199 -0.485147863138 0.907980999479 -0.445503262094 1.2036300463 -0.399317755024 1.41421356237 -0.353553390593 1.55429192291 -0.314660195525 1.65807514511 -0.279596451735
 -0.907980999479 0.445503262094 -1.03007614982 0.428583650351 -1.2036300463 0.399317755024 -1.41421356237 0.353553390593 -1.65807514511 0.279596451735 -1.90211303259 0.154508497187 -2.0 -6.12323399574e-17 -1.90211303259 -0.154508497187 -1.65807514511 -0.279596451735 -1.41421356237 -0.353553390593 -1.2036300463 -0.399317755024 -1.03007614982 -0.428583650351 -0.907980999479 -0.445503262094
 -1.78201304838 -0.22699524987 -1.7143346014 -0.257519037455 -1.59727102009 -0.300907511576 -1.41421356237 -0.353553390593 -1.11838580694 -0.414518786278 -0.61803398875 -0.475528258148 2.44929359829e-16 -0.5 0.61803398875 -0.475528258148 1.11838580694 -0.414518786278 1.41421356237 -0.353553390593 1.59727102009 -0.300907511576 1.7143346014 -0.257519037455 1.78201304838 -0.22699524987
 -0.61803398875 0.475528258148 -0.749213186832 0.463591927283 -0.907980999479 0.445503262094 -1.11838580694 0.414518786278 -1.41421356237 0.353553390593 -1.78201304838 0.22699524987 -2.0 -6.12323399574e-17 -1.78201304838 -0.22699524987 -1.41421356237 -0.353553390593 -1.11838580694 -0.414518786278 -0.907980999479 -0.445503262094 -0.749213186832 -0.463591927283 -0.61803398875 -0.475528258148
 -1.90211303259 -0.154508497187 -1.85436770913 -0.187303296708 -1.78201304838 -0.22699524987 -1.65807514511 -0.279596451735 -1.41421356237 -0.353553390593 -0.907980999479 -0.445503262094 2.44929359829e-16 -0.5 0.907980999479 -0.445503262094 1.41421356237 -0.353553390593 1.65807514511 -0.279596451735 1.78201304838 -0.22699524987 1.85436770913 -0.187303296708 1.90211303259 -0.154508497187
 -0.31286893008 0.493844170298 -0.381617990753 0.490813591724 -0.483843791199 0.485147863138 -0.61803398875 0.475528258148 -0.907980999479 0.445503262094 -1.41421356237 0.353553390593 -2.0 -6.12323399574e-17 -1.41421356237 -0.353553390593 -0.907980999479 -0.445503262094 -0.61803398875 -0.475528258148 -0.483843791199 -0.485147863138 -0.381617990753 -0.490813591724 -0.31286893008 -0.493844170298
 -1.97537668119 -0.0782172325201 -1.9632543669 -0.0954044976883 -1.94059145255 -0.1209609478 -1.90211303259 -0.154508497187 -1.78201304838 -0.22699524987 -1.41421356237 -0.353553390593 2.44929359829e-16 -0.5 1.41421356237 -0.353553390593 1.78201304838 -0.22699524987 1.90211303259 -0.154508497187 1.94059145255 -0.1209609478 1.9632543669 -0.0954044976883 1.97537668119 -0.0782172325201
 -3.67394039744e-16 0.5 -3.67394039744e-16 0.5 -3.67394039744e-16 0.5 -3.67394039744e-16 0.5 -3.67394039744e-16 0.5 -3.67394039744e-16 0.5 6.12323399574e-17 -1.0 1.22464679915e-16 -0.5 1.22464679915e-16 -0.5 1.22464679915e-16 -0.5 1.22464679915e-16 -0.5 1.22464679915e-16 -0.5 1.22464679915e-16 -0.5
 -2.0 -9.18485099361e-17 -2.0 -9.18485099361e-17 -2.0 -9.18485099361e-17 -2.0 -9.18485099361e-17 -2.0 -9.18485099361e-17 -2.0 -9.18485099361e-17 1.0 6.12323399574e-17 2.0 3.06161699787e-17 2.0 3.06161699787e-17 2.0 3.06161699787e-17 2.0 3.06161699787e-17 2.0 3.06161699787e-17 2.0 3.06161699787e-17
 0.31286893008 0.493844170298 0.381617990753 0.490813591724 0.483843791199 0.485147863138 0.61803398875 0.475528258148 0.907980999479 0.445503262094 1.41421356237 0.353553390593 2.0 1.22464679915e-16 1.41421356237 -0.353553390593 0.907980999479 -0.445503262094 0.61803398875 -0.475528258148 0.483843791199 -0.485147863138 0.381617990753 -0.490813591724 0.31286893008 -0.493844170298
 -1.97537668119 0.0782172325201 -1.9632543669 0.0954044976883 -1.94059145255 0.1209609478 -1.90211303259 0.154508497187 -1.78201304838 0.22699524987 -1.41421356237 0.353553390593 -4.89858719659e-16 0.5 1.41421356237 0.353553390593 1.78201304838 0.22699524987 1.90211303259 0.154508497187 1.94059145255 0.1209609478 1.9632543669 0.0954044976883 1.97537668119 0.0782172325201
 0.61803398875 0.475528258148 0.749213186832 0.463591927283 0.907980999479 0.445503262094 1.11838580694 0.414518786278 1.41421356237 0.353553390593 1.78201304838 0.22699524987 2.0 1.22464679915e-16 1.78201304838 -0.22699524987 1.41421356237 -0.353553390593 1.11838580694 -0.414518786278 0.907980999479 -0.445503262094 0.749213186832 -0.463591927283 0.61803398875 -0.475528258148
 -1.90211303259 0.154508497187 -1.85436770913 0.187303296708 -1.78201304838 0.22699524987 -1.65807514511 0.279596451735 -1.41421356237 0.353553390593 -0.907980999479 0.445503262094 -4.89858719659e-16 0.5 0.907980999479 0.445503262094 1.41421356237 0.353553390593 1.65807514511 0.279596451735 1.78201304838 0.22699524987 1.85436770913 0.187303296708 1.90211303259 0.154508497187
 0.907980999479 0.445503262094 1.03007614982 0.428583650351 1.2036300463 0.399317755024 1.41421356237 0.353553390593 1.65807514511 0.279596451735 1.90211303259 0.154508497187 2.0 1.22464679915e-16 1.90211303259 -0.154508497187 1.65807514511 -0.279596451735 1.41421356237 -0.353553390593 1.2036300463 -0.399317755024 1.03007614982 -0.428583650351 0.907980999479 -0.445503262094
 -1.78201304838 0.22699524987 -1.7143346014 0.257519037455 -1.59727102009 0.300907511576 -1.41421356237 0.353553390593 -1.11838580694 0.414518786278 -0.61803398875 0.475528258148 -4.89858719659e-16 0.5 0.61803398875 0.475528258148 1.11838580694 0.414518786278 1.41421356237 0.353553390593 1.59727102009 0.300907511576 1.7143346014 0.257519037455 1.78201304838 0.22699524987
 1.11838580694 0.414518786278 1.2586407821 0.388572980728 1.41421356237 0.353553390593 1.59727102009 0.300907511576 1.78201304838 0.22699524987 1.94059145255 0.1209609478 2.0 1.22464679915e-16 1.94059145255 -0.1209609478 1.78201304838 -0.22699524987 1.59727102009 -0.300907511576 1.41421356237 -0.353553390593 1.2586407821 -0.388572980728 1.11838580694 -0.414518786278
 -1.65807514511 0.279596451735 -1.55429192291 0.314660195525 -1.41421356237 0.353553390593 -1.2036300463 0.399317755024 -0.907980999479 0.445503262094 -0.483843791199 0.485147863138 -4.89858719659e-16 0.5 0.483843791199 0.485147863138 0.907980999479 0.445503262094 1.2036300463 0.399317755024 1.41421356237 0.353553390593 1.55429192291 0.314660195525 1.65807514511 0.279596451735
 1.28557521937 0.383022221559 1.41421356237 0.353553390593 1.55429192291 0.314660195525 1.7143346014 0.257519037455 1.85436770913 0.187303296708 1.9632543669 0.0954044976883 2.0 1.22464679915e-16 1.9632543669 -0.0954044976883 1.85436770913 -0.187303296708 1.7143346014 -0.257519037455 1.55429192291 -0.314660195525 1.41421356237 -0.353553390593 1.28557521937 -0.383022221559
 -1.53208888624 0.321393804843 -1.41421356237 0.353553390593 -1.2586407821 0.388572980728 -1.03007614982 0.428583650351 -0.749213186832 0.463591927283 -0.381617990753 0.490813591724 -4.89858719659e-16 0.5 0.381617990753 0.490813591724 0.749213186832 0.463591927283 1.03007614982 0.428583650351 1.2586407821 0.388572980728 1.41421356237 0.353553390593 1.53208888624 0.321393804843
 1.41421356237 0.353553390593 1.53208888624 0.321393804843 1.65807514511 0.279596451735 1.78201304838 0.22699524987 1.90211303259 0.154508497187 1.97537668119 0.0782172325201 2.0 1.22464679915e-16 1.97537668119 -0.0782172325201 1.90211303259 -0.154508497187 1.78201304838 -0.22699524987 1.65807514511 -0.279596451735 1.53208888624 -0.321393804843 1.41421356237 -0.353553390593
 -1.41421356237 0.353553390593 -1.28557521937 0.383022221559 -1.11838580694 0.414518786278 -0.907980999479 0.445503262094 -0.61803398875 0.475528258148 -0.31286893008 0.493844170298 -4.89858719659e-16 0.5 0.31286893008 0.493844170298 0.61803398875 0.475528258148 0.907980999479 0.445503262094 1.11838580694 0.414518786278 1.28557521937 0.383022221559 1.41421356237 0.353553390593