 -0.707106781187 0.0 -0.766044443119 0.0 -0.829037572555 0.0 -0.891006524188 0.0 -0.951056516295 0.0 -0.987688340595 0.0 -1.0 0.0 -0.987688340595 0.0 -0.951056516295 0.0 -0.891006524188 0.0 -0.829037572555 0.0 -0.766044443119 0.0 -0.707106781187 0.0
 -0.707106781187 0.0 -0.642787609687 0.0 -0.559192903471 0.0 -0.45399049974 0.0 -0.309016994375 0.0 -0.15643446504 0.0 1.22464679915e-16 0.0 0.15643446504 0.0 0.309016994375 0.0 0.45399049974 0.0 0.559192903471 0.0 0.642787609687 0.0 0.707106781187 0.0
 -0.642787609687 0.0 -0.707106781187 0.0 -0.777145961457 0.0 -0.857167300702 0.0 -0.927183854567 0.0 -0.981627183448 0.0 -1.0 0.0 -0.981627183448 0.0 -0.927183854567 0.0 -0.857167300702 0.0 -0.777145961457 0.0 -0.707106781187 0.0 -0.642787609687 0.0
 -0.766044443119 0.0 -0.707106781187 0.0 -0.62932039105 0.0 -0.51503807491 0.0 -0.374606593416 0.0 -0.190808995377 0.0 1.22464679915e-16 0.0 0.190808995377 0.0 0.374606593416 0.0 0.51503807491 0.0 0.62932039105 0.0 0.707106781187 0.0 0.766044443119 0.0
 -0.559192903471 0.0 -0.62932039105 0.0 -0.707106781187 0.0 -0.798635510047 0.0 -0.891006524188 0.0 -0.970295726276 0.0 -1.0 0.0 -0.970295726276 0.0 -0.891006524188 0.0 -0.798635510047 0.0 -0.707106781187 0.0 -0.62932039105 0.0 -0.559192903471 0.0
 -0.829037572555 0.0 -0.777145961457 0.0 -0.707106781187 0.0 -0.601815023152 0.0 -0.45399049974 0.0 -0.2419218956 0.0 1.22464679915e-16 0.0 0.2419218956 0.0 0.45399049974 0.0 0.601815023152 0.0 0.707106781187 0.0 0.777145961457 0.0 0.829037572555 0.0
 -0.45399049974 0.0 -0.51503807491 0.0 -0.601815023152 0.0 -0.707106781187 0.0 -0.829037572555 0.0 -0.951056516295 0.0 -1.0 0.0 -0.951056516295 0.0 -0.829037572555 0.0 -0.707106781187 0.0 -0.601815023152 0.0 -0.51503807491 0.0 -0.45399049974 0.0
 -0.891006524188 0.0 -0.857167300702 0.0 -0.798635510047 0.0 -0.707106781187 0.0 -0.559192903471 0.0 -0.309016994375 0.0 1.22464679915e-16 0.0 0.309016994375 0.0 0.559192903471 0.0 0.707106781187 0.0 0.798635510047 0.0 0.857167300702 0.0 0.891006524188 0.0
 -0.309016994375 0.0 -0.374606593416 0.0 -0.45399049974 0.0 -0.559192903471 0.0 -0.707106781187 0.0 -0.891006524188 0.0 -1.0 0.0 -0.891006524188 0.0 -0.707106781187 0.0 -0.559192903471 0.0 -0.45399049974 0.0 -0.374606593416 0.0 -0.309016994375 0.0
 -0.951056516295 0.0 -0.927183854567 0.0 -0.891006524188 0.0 -0.829037572555 0.0 -0.707106781187 0.0 -0.45399049974 0.0 1.22464679915e-16 0.0 0.45399049974 0.0 0.707106781187 0.0 0.829037572555 0.0 0.891006524188 0.0 0.927183854567 0.0 0.951056516295 0.0
 -0.15643446504 0.0 -0.190808995377 0.0 -0.2419218956 0.0 -0.309016994375 0.0 -0.45399049974 0.0 -0.707106781187 0.0 -1.0 0.0 -0.707106781187 0.0 -0.45399049974 0.0 -0.309016994375 0.0 -0.2419218956 0.0 -0.190808995377 0.0 -0.15643446504 0.0
 -0.987688340595 0.0 -0.981627183448 0.0 -0.970295726276 0.0 -0.951056516295 0.0 -0.891006524188 0.0 -0.707106781187 0.0 1.22464679915e-16 0.0 0.707106781187 0.0 0.891006524188 0.0 0.951056516295 0.0 0.970295726276 0.0 0.981627183448 0.0 0.987688340595 0.0
 -1.83697019872e-16 0.0 -1.83697019872e-16 0.0 -1.83697019872e-16 0.0 -1.83697019872e-16 0.0 -1.83697019872e-16 0.0 -1.83697019872e-16 0.0 6.12323399574e-17 -1.0 6.12323399574e-17 0.0 6.12323399574e-17 0.0 6.12323399574e-17 0.0 6.12323399574e-17 0.0 6.12323399574e-17 0.0 6.12323399574e-17 0.0
 -1.0 0.0 -1.0 0.0 -1.0 0.0 -1.0 0.0 -1.0 0.0 -1.0 0.0 1.0 6.12323399574e-17 1.0 0.0 1.0 0.0 1.0 0.0 1.0 0.0 1.0 0.0 1.0 0.0
 0.15643446504 0.0 0.190808995377 0.0 0.2419218956 0.0 0.309016994375 0.0 0.45399049974 0.0 0.707106781187 0.0 1.0 0.0 0.707106781187 0.0 0.45399049974 0.0 0.309016994375 0.0 0.2419218956 0.0 0.190808995377 0.0 0.15643446504 0.0
 -0.987688340595 0.0 -0.981627183448 0.0 -0.970295726276 0.0 -0.951056516295 0.0 -0.891006524188 0.0 -0.707106781187 0.0 -2.44929359829e-16 0.0 0.707106781187 0.0 0.891006524188 0.0 0.951056516295 0.0 0.970295726276 0.0 0.981627183448 0.0 0.987688340595 0.0
 0.309016994375 0.0 0.374606593416 0.0 0.45399049974 0.0 0.559192903471 0.0 0.707106781187 0.0 0.891006524188 0.0 1.0 0.0 0.891006524188 0.0 0.707106781187 0.0 0.559192903471 0.0 0.45399049974 0.0 0.374606593416 0.0 0.309016994375 0.0
 -0.951056516295 0.0 -0.927183854567 0.0 -0.891006524188 0.0 -0.829037572555 0.0 -0.707106781187 0.0 -0.45399049974 0.0 -2.44929359829e-16 0.0 0.45399049974 0.0 0.707106781187 0.0 0.829037572555 0.0 0.891006524188 0.0 0.927183854567 0.0 0.951056516295 0.0
 0.45399049974 0.0 0.51503807491 0.0 0.601815023152 0.0 0.707106781187 0.0 0.829037572555 0.0 0.951056516295 0.0 1.0 0.0 0.951056516295 0.0 0.829037572555 0.0 0.707106781187 0.0 0.601815023152 0.0 0.51503807491 0.0 0.45399049974 0.0
 -0.891006524188 0.0 -0.857167300702 0.0 -0.798635510047 0.0 -0.707106781187 0.0 -0.559192903471 0.0 -0.309016994375 0.0 -2.44929359829e-16 0.0 0.309016994375 0.0 0.559192903471 0.0 0.707106781187 0.0 0.798635510047 0.0 0.857167300702 0.0 0.891006524188 0.0
 0.559192903471 0.0 0.62932039105 0.0 0.707106781187 0.0 0.798635510047 0.0 0.891006524188 0.0 0.970295726276 0.0 1.0 0.0 0.970295726276 0.0 0.891006524188 0.0 0.798635510047 0.0 0.707106781187 0.0 0.62932039105 0.0 0.559192903471 0.0
 -0.829037572555 0.0 -0.777145961457 0.0 -0.707106781187 0.0 -0.601815023152 0.0 -0.45399049974 0.0 -0.2419218956 0.0 -2.44929359829e-16 0.0 0.2419218956 0.0 0.45399049974 0.0 0.601815023152 0.0 0.707106781187 0.0 0.777145961457 0.0 0.829037572555 0.0
 0.642787609687 0.0 0.707106781187 0.0 0.777145961457 0.0 0.857167300702 0.0 0.927183854567 0.0 0.981627183448 0.0 1.0 0.0 0.981627183448 0.0 0.927183854567 0.0 0.857167300702 0.0 0.777145961457 0.0 0.707106781187 0.0 0.642787609687 0.0
 -0.766044443119 0.0 -0.707106781187 0.0 -0.62932039105 0.0 -0.51503807491 0.0 -0.374606593416 0.0 -0.190808995377 0.0 -2.44929359829e-16 0.0 0.190808995377 0.0 0.374606593416 0.0 0.51503807491 0.0 0.62932039105 0.0 0.707106781187 0.0 0.766044443119 0.0
 0.707106781187 0.0 0.766044443119 0.0 0.829037572555 0.0 0.891006524188 0.0 0.951056516295 0.0 0.987688340595 0.0 1.0 0.0 0.987688340595 0.0 0.951056516295 0.0 0.891006524188 0.0 0.829037572555 0.0 0.766044443119 0.0 0.707106781187 0.0
 -0.707106781187 0.0 -0.642787609687 0.0 -0.559192903471 0.0 -0.45399049974 0.0 -0.309016994375 0.0 -0.15643446504 0.0 -2.44929359829e-16 0.0 0.15643446504 0.0 0.309016994375 0.0 0.45399049974 0.0 0.559192903471 0.0 0.642787609687 0.0 0.707106781187 0.0