 1.41421356237 -0.353553390593 -1.67079749985 0.274822182796 -1.89884179597 0.157003151616 -1.99998085523 0.00218773163608 -1.89327345096 -0.16115125657 -1.68035322894 -0.271156438473 1.41421356237 0.353553390593
 1.41421356237 0.353553390593 -1.09928873118 -0.417699374962 -0.628012606465 -0.474710448992 -0.0087509265443 -0.499995213807 0.644605026281 -0.473318362739 1.08462575389 -0.420088307234 -1.41421356237 0.353553390593
 -1.0772630476 0.421270721025 -1.40490138106 0.35586620638 -1.79261514197 0.221716450785 -1.99998085523 0.00218773163608 -1.78478568068 -0.225629684722 -1.41730410517 -0.352779062716 -1.09196769527 -0.41889785095
 -1.6850828841 -0.269315761899 -1.42346482552 -0.351225345265 -0.886865803141 -0.448153785492 -0.0087509265443 -0.499995213807 0.902518738887 -0.44619642017 1.41111625087 -0.354326026294 1.6755914038 -0.272991923818
 -0.636314907424 0.474018943358 -0.894700835435 0.447179383404 -1.40490138106 0.35586620638 -1.99998085523 0.00218773163608 -1.41730410517 -0.352779062716 -0.879013792006 -0.449119607779 -0.619698282349 -0.475392866405
 -1.89607577343 -0.159078726856 -1.78871753362 -0.223675208859 -1.42346482552 -0.351225345265 -0.0087509265443 -0.499995213807 1.41111625087 -0.354326026294 1.79647843112 -0.219753448001 1.90157146562 -0.154924570587
 0.0175016855541 0.499980855321 0.0175016855541 0.499980855321 0.0175016855541 0.499980855321 1 0 1.22464679915e-16 -0.5 1.22464679915e-16 -0.5 1.22464679915e-16 -0.5
 -1.99992342128 0.00437542138853 -1.99992342128 0.00437542138853 -1.99992342128 0.00437542138853 0 1 2.0 3.06161699787e-17 2.0 3.06161699787e-17 2.0 3.06161699787e-17
 0.636314907424 0.474018943358 0.894700835435 0.447179383404 1.40490138106 0.35586620638 1.99998085523 0.00218773163608 1.41730410517 -0.352779062716 0.879013792006 -0.449119607779 0.619698282349 -0.475392866405
 -1.89607577343 0.159078726856 -1.78871753362 0.223675208859 -1.42346482552 0.351225345265 -0.0087509265443 0.499995213807 1.41111625087 0.354326026294 1.79647843112 0.219753448001 1.90157146562 0.154924570587
 1.0772630476 0.421270721025 1.40490138106 0.35586620638 1.79261514197 0.221716450785 1.99998085523 0.00218773163608 1.78478568068 -0.225629684722 1.41730410517 -0.352779062716 1.09196769527 -0.41889785095
 -1.6850828841 0.269315761899 -1.42346482552 0.351225345265 -0.886865803141 0.448153785492 -0.0087509265443 0.499995213807 0.902518738887 0.44619642017 1.41111625087 0.354326026294 1.6755914038 0.272991923818
 1.41421356237 0.353553390593 1.67079749985 0.274822182796 1.89884179597 0.157003151616 1.99998085523 0.00218773163608 1.89327345096 -0.16115125657 1.68035322894 -0.271156438473 1.41421356237 -0.353553390593
 -1.41421356237 0.353553390593 -1.09928873118 0.417699374962 -0.628012606465 0.474710448992 -0.0087509265443 0.499995213807 0.644605026281 0.473318362739 1.08462575389 0.420088307234 1.41421356237 0.353553390593